[[6, 6], [[8512, 5], [8743, 5], [0, 6], [9042, 9]]]
[[69, 6], [[69, 6]]]
[[103, 10], [[69, 6], [0, 6], [1216, 4]]]
[[1216, 4], [[1216, 4]]]
[[1653, 26], [[69, 6]]]
[[8724, 9], [[8512, 5]]]
[[8733, 4], [[8512, 5], [8743, 5], [26236, 6], [16950, 11], [22182, 17], [14267, 31], [9042, 9]]]
[[8512, 5], [[8512, 5]]]
[[8737, 6], [[8512, 5]]]
[[8746, 2], [[8743, 5], [9159, 6]]]
[[2643, 2], [[8743, 5]]]
[[9151, 8], [[9042, 9]]]
[[9159, 2], [[9159, 6]]]
[[8634, 6], [[14267, 31]]]
[[14309, 4], [[14267, 31]]]
[[9081, 8], [[14267, 31]]]
[[16968, 2], [[16950, 11]]]
[[4404, 1], [[26236, 6], [16950, 11]]]
[[108, 5], [[22182, 17]]]
[[9113, 2], [[26236, 6]]]
