[[8, 4], [[0, 8], [14, 15], [1188, 14], [1205, 9]]]
[[12, 2], [[0, 8], [62, 7], [87, 4], [915, 18], [1100, 11], [1117, 14], [1263, 11], [1294, 15]]]
[[29, 2], [[14, 15], [69, 8], [497, 18], [847, 4], [874, 20]]]
[[31, 3], [[14, 15], [706, 9]]]
[[41, 2], [[34, 7]]]
[[43, 4], [[34, 7], [52, 8], [62, 7], [69, 8], [614, 15]]]
[[47, 3], [[34, 7], [62, 7]]]
[[50, 2], [[34, 7], [353, 10]]]
[[60, 2], [[52, 8], [62, 7], [81, 4], [87, 4], [106, 8], [121, 8], [129, 7], [155, 17], [172, 9], [424, 6], [539, 14], [706, 9], [900, 15], [1111, 6], [1166, 4], [1173, 15], [1244, 14], [1258, 5], [1344, 20], [1377, 7], [1455, 14]]]
[[77, 4], [[69, 8]]]
[[85, 2], [[81, 4], [87, 4], [106, 8], [121, 8], [129, 7], [144, 6], [155, 17], [172, 9]]]
[[118, 3], [[106, 8]]]
[[136, 2], [[129, 7]]]
[[142, 2], [[129, 7]]]
[[209, 2], [[198, 11]]]
[[211, 8], [[198, 11], [594, 18], [723, 12]]]
[[219, 2], [[198, 11], [244, 11], [273, 9], [294, 30], [329, 5]]]
[[221, 2], [[198, 11]]]
[[43, 2], [[244, 11], [353, 10], [373, 18], [447, 9], [614, 15]]]
[[255, 2], [[244, 11]]]
[[257, 6], [[244, 11]]]
[[263, 6], [[244, 11]]]
[[269, 2], [[244, 11], [353, 10], [373, 18], [447, 9]]]
[[271, 2], [[244, 11]]]
[[282, 2], [[273, 9]]]
[[284, 3], [[273, 9]]]
[[327, 2], [[294, 30], [847, 4]]]
[[336, 4], [[329, 5], [1117, 14]]]
[[341, 2], [[329, 5]]]
[[351, 2], [[329, 5]]]
[[363, 7], [[353, 10]]]
[[370, 3], [[353, 10], [1421, 9]]]
[[391, 2], [[373, 18], [447, 9], [557, 8], [772, 8], [786, 16], [1205, 9], [1214, 4], [1222, 4], [1440, 15], [1226, 7]]]
[[393, 2], [[373, 18], [447, 9], [832, 5], [953, 29]]]
[[395, 2], [[373, 18], [447, 9]]]
[[417, 2], [[397, 20], [434, 13], [594, 18]]]
[[419, 2], [[397, 20]]]
[[421, 2], [[397, 20]]]
[[423, 1], [[434, 13], [851, 19], [676, 4]]]
[[430, 1], [[424, 6], [772, 8], [900, 15], [1117, 14], [1344, 20]]]
[[431, 3], [[424, 6], [524, 12], [676, 4], [706, 9], [900, 15], [988, 13], [1344, 20]]]
[[485, 3], [[456, 12], [915, 18]]]
[[489, 1], [[456, 12]]]
[[490, 1], [[456, 12]]]
[[491, 2], [[456, 12], [614, 15], [847, 4], [1111, 6], [1143, 23], [1258, 5]]]
[[493, 2], [[456, 12]]]
[[495, 2], [[456, 12]]]
[[515, 7], [[497, 18]]]
[[522, 2], [[497, 18]]]
[[536, 3], [[524, 12], [676, 4]]]
[[553, 2], [[539, 14], [629, 11]]]
[[110, 4], [[539, 14], [629, 11], [874, 20]]]
[[555, 2], [[539, 14]]]
[[592, 2], [[557, 8], [786, 16], [1111, 6], [1143, 23]]]
[[569, 1], [[557, 8]]]
[[612, 2], [[594, 18]]]
[[614, 5], [[614, 15]]]
[[674, 2], [[629, 11], [874, 20], [1364, 6]]]
[[647, 4], [[629, 11], [1440, 15]]]
[[763, 2], [[723, 12]]]
[[765, 5], [[723, 12]]]
[[770, 2], [[723, 12], [937, 10]]]
[[784, 2], [[772, 8], [839, 6]]]
[[584, 3], [[772, 8], [557, 8]]]
[[837, 2], [[832, 5]]]
[[834, 3], [[832, 5]]]
[[126, 2], [[832, 5], [676, 4]]]
[[202, 2], [[839, 6]]]
[[845, 2], [[839, 6], [594, 18], [1258, 5], [434, 13], [1455, 14]]]
[[851, 2], [[851, 19], [1054, 25]]]
[[853, 2], [[851, 19]]]
[[870, 4], [[851, 19]]]
[[898, 2], [[874, 20]]]
[[933, 2], [[915, 18]]]
[[935, 2], [[915, 18]]]
[[506, 1], [[937, 10]]]
[[566, 1], [[937, 10]]]
[[957, 2], [[953, 29]]]
[[982, 2], [[953, 29], [1455, 14]]]
[[984, 2], [[953, 29]]]
[[986, 2], [[953, 29], [1258, 5]]]
[[1001, 4], [[988, 13]]]
[[995, 3], [[988, 13]]]
[[1046, 6], [[1005, 24]]]
[[584, 1], [[1054, 25]]]
[[1095, 3], [[1090, 5], [1100, 11]]]
[[1095, 2], [[1090, 5], [1100, 11]]]
[[1098, 2], [[1090, 5]]]
[[1131, 2], [[1117, 14]]]
[[1133, 6], [[1117, 14]]]
[[1139, 4], [[1117, 14]]]
[[1170, 3], [[1166, 4]]]
[[181, 4], [[1173, 15]]]
[[1202, 2], [[1188, 14]]]
[[1204, 1], [[1188, 14]]]
[[676, 4], [[1214, 4], [1222, 4], [1226, 7], [1440, 15], [676, 4]]]
[[1166, 4], [[1233, 4], [1244, 14]]]
[[1274, 2], [[1263, 11], [1294, 15]]]
[[1335, 2], [[1309, 26]]]
[[1337, 5], [[1309, 26]]]
[[1342, 2], [[1309, 26]]]
[[1370, 1], [[1364, 6], [1377, 7]]]
[[1371, 4], [[1364, 6]]]
[[1375, 2], [[1364, 6]]]
[[1388, 5], [[1384, 28]]]
[[1412, 5], [[1384, 28]]]
[[1417, 4], [[1384, 28]]]
[[1426, 2], [[1421, 9]]]
[[1430, 6], [[1421, 9]]]
[[1436, 4], [[1421, 9]]]
[[1469, 3], [[1455, 14]]]
[[1491, 2], [[1472, 9]]]
