[[13, 7], [[0, 13], [50, 2], [52, 11], [63, 18], [81, 12], [93, 3], [96, 3], [99, 11], [110, 23], [133, 8], [50, 1], [141, 3], [144, 5], [149, 5], [154, 5], [159, 4], [163, 5], [168, 18], [186, 7], [193, 6], [199, 9], [208, 3], [211, 12], [223, 6], [229, 12], [241, 10], [251, 15], [266, 16], [282, 22], [304, 2], [306, 6], [312, 8], [320, 11], [331, 10], [341, 8], [349, 9], [358, 11], [224, 1], [369, 9], [378, 8], [386, 10], [396, 11], [407, 10], [417, 6], [423, 10], [463, 9], [472, 7], [519, 18], [585, 3], [588, 6], [594, 4], [598, 13], [15014, 7], [15049, 9], [386, 7], [15058, 10], [15068, 10], [15078, 10], [15088, 15], [15103, 9], [15112, 14], [15126, 7], [15133, 10], [15143, 7], [15150, 10], [15160, 6], [15202, 10], [15212, 7], [15219, 12], [15220, 7], [15269, 12], [15281, 4], [15321, 8], [15329, 11], [15340, 10], [15350, 9], [15359, 9], [15368, 10], [15378, 10], [15388, 11], [15399, 12], [15553, 23], [15624, 21], [15645, 19], [15664, 22], [15686, 23], [15709, 21], [15730, 22], [15792, 22], [15814, 27], [15841, 24], [15865, 26], [15891, 19], [15910, 22], [15932, 19], [15951, 22], [15973, 14], [16024, 7], [16031, 8], [16039, 14], [16053, 15], [456, 3], [16068, 9], [16077, 12], [16089, 21], [16159, 26], [16185, 21], [16206, 21], [16227, 22], [16249, 24], [16273, 6], [16323, 8], [16331, 11], [16342, 9], [16351, 10], [16361, 10], [16371, 12], [16383, 12], [16395, 11], [16406, 13], [16419, 12], [16431, 13], [16495, 8], [16503, 12], [16432, 8], [16515, 8], [16523, 9], [16532, 10], [16542, 7], [16549, 7], [16556, 12], [16568, 23], [16654, 20], [16674, 21], [16695, 22], [16717, 24], [16741, 20], [16817, 23], [16840, 24], [16864, 23], [16887, 21], [16908, 22], [16930, 23], [16953, 23], [16976, 24], [17000, 25], [17025, 24], [17049, 5], [17092, 10], [17102, 7], [17154, 11], [17165, 19], [17241, 23], [17264, 9], [177, 9], [17302, 8], [17310, 11], [17350, 10], [19210, 7], [19217, 8], [19225, 11], [19236, 10], [15058, 7], [15145, 5], [19246, 6], [19288, 22], [19358, 9], [19367, 11], [19378, 22]]]
[[20, 25], [[0, 13], [50, 2], [52, 11], [63, 18], [81, 12], [93, 3], [96, 3], [99, 11], [110, 23], [133, 8], [50, 1], [141, 3], [144, 5], [149, 5], [154, 5], [159, 4], [163, 5], [168, 18], [186, 7], [193, 6], [199, 9], [208, 3], [211, 12], [223, 6], [229, 12], [241, 10], [251, 15], [266, 16], [282, 22], [304, 2], [306, 6], [312, 8], [320, 11], [331, 10], [341, 8], [349, 9], [358, 11], [224, 1], [369, 9], [378, 8], [386, 10], [396, 11], [407, 10], [417, 6], [423, 10], [463, 9], [19210, 7], [19217, 8], [19225, 11], [19236, 10]]]
[[45, 5], [[0, 13], [50, 2], [52, 11], [63, 18], [81, 12], [93, 3], [96, 3], [99, 11], [110, 23], [15014, 7], [15049, 9], [386, 7], [15281, 4], [15321, 8], [16273, 6], [15058, 7]]]
[[479, 40], [[472, 7]]]
[[537, 48], [[519, 18], [585, 3], [588, 6], [594, 4], [598, 13]]]
[[15021, 28], [[15014, 7], [15049, 9], [386, 7], [15058, 10], [15068, 10], [15078, 10], [15088, 15], [15103, 9], [15112, 14], [15126, 7], [15133, 10], [15143, 7], [15150, 10], [15058, 7], [15145, 5]]]
[[15166, 36], [[15160, 6], [15202, 10], [15212, 7]]]
[[15231, 38], [[15219, 12], [15220, 7], [15269, 12]]]
[[15285, 36], [[15281, 4], [15321, 8], [15329, 11], [15340, 10], [15350, 9], [15359, 9], [15368, 10], [15378, 10], [15388, 11], [19358, 9], [19367, 11]]]
[[15411, 41], [[15399, 12]]]
[[15576, 48], [[15553, 23], [15624, 21], [15645, 19], [15664, 22], [15686, 23], [15709, 21]]]
[[15752, 40], [[15730, 22], [15792, 22], [15814, 27], [15841, 24], [15865, 26], [15891, 19], [15910, 22], [15932, 19], [15951, 22]]]
[[15987, 37], [[15973, 14], [16024, 7], [16031, 8], [16039, 14], [16053, 15], [456, 3], [16068, 9], [16077, 12]]]
[[16110, 49], [[16089, 21], [16159, 26], [16185, 21], [16206, 21], [16227, 22], [16249, 24]]]
[[16279, 44], [[16273, 6], [16323, 8], [16331, 11], [16342, 9], [16351, 10], [16361, 10], [16371, 12], [16383, 12], [16395, 11], [16406, 13], [16419, 12]]]
[[16444, 51], [[16431, 13], [16495, 8], [16503, 12], [16432, 8], [16515, 8], [16523, 9], [16532, 10], [16542, 7], [16549, 7], [16556, 12]]]
[[16591, 63], [[16568, 23], [16654, 20], [16674, 21], [16695, 22], [16717, 24]]]
[[16761, 56], [[16741, 20], [16817, 23], [16840, 24], [16864, 23], [16887, 21], [16908, 22], [16930, 23], [16953, 23], [16976, 24], [17000, 25], [17025, 24]]]
[[17054, 38], [[17049, 5], [17092, 10]]]
[[17109, 45], [[17102, 7], [17154, 11]]]
[[17184, 57], [[17165, 19], [17241, 23]]]
[[17273, 29], [[17264, 9], [177, 9], [17302, 8]]]
[[17321, 29], [[17310, 11], [17350, 10]]]
[[15047, 2], [[15014, 7], [15049, 9], [386, 7], [15058, 10], [15068, 10], [15078, 10], [15088, 15], [15103, 9], [15112, 14], [15126, 7], [15133, 10], [15143, 7], [15150, 10]]]
[[19252, 36], [[19246, 6]]]
[[19310, 48], [[19288, 22]]]
[[19400, 37], [[19378, 22]]]
