[[11, 6], [[0, 11], [61931, 8]]]
[[7, 4], [[31094, 14], [17, 10], [2643, 13], [27888, 9], [58975, 17], [0, 11]]]
[[27, 4], [[17, 10], [2513, 16], [2539, 17]]]
[[1563, 7], [[5302, 20], [59563, 23], [19728, 6], [57922, 8], [57729, 7], [2492, 2], [125, 3], [1638, 3], [11199, 3], [11109, 3], [5411, 17], [3765, 18], [58975, 17], [57772, 4], [5375, 19], [62049, 10]]]
[[2492, 2], [[13257, 5], [19302, 6], [17, 10], [19294, 8], [7737, 9], [19318, 9], [19308, 10], [0, 11]]]
[[2529, 10], [[2513, 16], [57540, 26]]]
[[2510, 2], [[19215, 16], [19173, 5], [21215, 21], [21510, 19], [21410, 22], [19178, 6], [19189, 6], [21306, 23], [22423, 9], [2643, 7], [21329, 27], [2643, 13], [21502, 8], [19115, 8], [19150, 8], [2513, 16], [2539, 17], [2513, 10], [24368, 11], [2539, 11], [19158, 11], [19138, 12], [19169, 4], [18724, 4], [13240, 4]]]
[[2556, 11], [[2539, 17]]]
[[2656, 7], [[52334, 14], [52666, 14], [2643, 13], [53607, 10], [51973, 11], [51919, 49], [61931, 8]]]
[[2663, 7], [[2643, 13], [51919, 49], [0, 11]]]
[[3563, 14], [[57652, 6], [5302, 20], [21215, 21], [21510, 19], [59563, 23], [19728, 6], [21410, 22], [21306, 23], [57922, 8], [57814, 6], [21329, 27], [21502, 8], [57729, 7], [2492, 2], [57846, 7], [125, 3], [1638, 3], [57566, 11], [24368, 11], [21551, 3], [11199, 3], [11109, 3], [19327, 4], [5411, 17], [3765, 18], [58975, 17], [7702, 4], [57772, 4], [5375, 19], [62049, 10]]]
[[5297, 4], [[5302, 20], [59563, 23], [5411, 17], [3765, 18], [5375, 19]]]
[[7702, 4], [[17916, 17], [19173, 5], [19178, 6], [19189, 6], [2643, 7], [19294, 8], [2643, 13], [19115, 8], [19150, 8], [2513, 16], [17885, 9], [17894, 9], [19318, 9], [2539, 17], [32704, 8], [17946, 10], [19308, 10], [2513, 10], [2539, 11], [19158, 11], [19138, 12], [19548, 13], [18841, 13], [17903, 13], [17796, 13], [17933, 13], [22405, 14], [19169, 4], [18724, 4]]]
[[7728, 6], [[19215, 16], [8416, 26], [26170, 20], [21268, 21], [22473, 5], [21390, 20], [53921, 8], [7706, 22], [38835, 27], [17809, 61], [21554, 26], [7831, 33]]]
[[125, 3], [[57980, 18], [7706, 22], [58975, 17]]]
[[125, 2], [[19215, 16], [8416, 26], [26170, 20], [21268, 21], [22473, 5], [21390, 20], [7706, 22], [38835, 27], [17809, 61], [21554, 26], [7831, 33]]]
[[7734, 3], [[57652, 6], [5302, 20], [59563, 23], [57922, 8], [57566, 11], [5411, 17], [3765, 18], [5375, 19], [62049, 10]]]
[[7750, 9], [[18746, 18], [23706, 19], [23686, 20], [18806, 20], [23665, 21], [7737, 9], [18764, 12], [18841, 13], [18854, 13], [18732, 14], [18776, 15], [18791, 15], [18826, 15]]]
[[7759, 3], [[19215, 16], [7737, 9]]]
[[7762, 4], [[19215, 16], [19173, 5], [13257, 5], [19302, 6], [19178, 6], [19189, 6], [2643, 7], [19294, 8], [19115, 8], [19150, 8], [7737, 9], [19318, 9], [19308, 10], [2513, 10], [2539, 11], [19158, 11], [19138, 12], [19169, 4], [18724, 4], [13240, 4]]]
[[7774, 5], [[17916, 17], [20674, 18], [18746, 18], [23706, 19], [8416, 26], [23686, 20], [18806, 20], [23665, 21], [12994, 15], [17885, 9], [17781, 9], [17894, 9], [17946, 10], [17809, 61], [38862, 11], [18764, 12], [19561, 13], [19488, 13], [19548, 13], [19469, 13], [19534, 14], [18841, 13], [18854, 13], [17903, 13], [17796, 13], [17933, 13], [22405, 14], [18732, 14], [18776, 15], [18791, 15], [18826, 15], [19518, 16], [19599, 17], [19501, 17], [19581, 18]]]
[[7787, 5], [[18826, 15]]]
[[7752, 5], [[18776, 15]]]
[[7800, 8], [[18746, 18], [12981, 13]]]
[[7804, 4], [[18746, 18], [18806, 20], [57814, 6], [12981, 13], [57729, 7], [57846, 7], [12994, 15], [18764, 12], [18841, 13], [18854, 13], [18732, 14], [57772, 4]]]
[[7808, 3], [[23706, 19], [18854, 13]]]
[[7821, 10], [[18806, 20], [12994, 15]]]
[[1638, 3], [[51700, 36], [18841, 13]]]
[[7884, 5], [[23706, 19], [23686, 20], [23665, 21], [18791, 15]]]
[[7774, 4], [[23665, 21]]]
[[7919, 5], [[23665, 21]]]
[[2663, 2], [[20496, 10], [51290, 10], [18764, 12], [19561, 13], [19488, 13], [19548, 13], [19469, 13], [19534, 14], [19518, 16], [19599, 17], [19501, 17], [19581, 18]]]
[[8458, 6], [[8416, 26]]]
[[11199, 3], [[10248, 5], [12981, 13], [12994, 15]]]
[[10248, 5], [[10248, 5]]]
[[12990, 4], [[12981, 13], [12994, 15]]]
[[13247, 6], [[13240, 4]]]
[[13253, 4], [[17916, 17], [13257, 5], [21215, 21], [21510, 19], [21410, 22], [21306, 23], [22423, 9], [21329, 27], [21502, 8], [56866, 16], [17885, 9], [17781, 9], [17894, 9], [17946, 10], [24368, 11], [17903, 13], [17796, 13], [17933, 13], [22405, 14], [13240, 4]]]
[[16279, 7], [[31094, 14], [22423, 9], [2643, 13], [27888, 9]]]
[[18728, 4], [[55874, 8], [18724, 4]]]
[[19123, 4], [[19115, 8]]]
[[146, 2], [[22473, 5], [51014, 9], [51290, 10], [50776, 7], [51447, 10], [51700, 36], [21551, 3], [19327, 4], [7702, 4]]]
[[19482, 6], [[19561, 13], [19488, 13], [19548, 13], [19469, 13], [19534, 14], [19518, 16], [19599, 17], [19501, 17], [19581, 18]]]
[[1568, 1], [[19501, 17]]]
[[40, 6], [[20496, 10], [51700, 36], [18764, 12], [19488, 13], [19548, 13], [19469, 13], [19534, 14], [19518, 16], [19501, 17]]]
[[20787, 9], [[20674, 18]]]
[[2665, 5], [[57652, 6], [20674, 18], [57922, 8], [57814, 6], [57729, 7], [57846, 7], [57566, 11], [22405, 14], [57772, 4]]]
[[3545, 2], [[21215, 21], [21510, 19], [21410, 22], [21268, 21], [21306, 23], [21329, 27], [21502, 8], [24368, 11]]]
[[8442, 3], [[57652, 6], [21268, 21], [21390, 20], [57566, 11], [21554, 26]]]
[[21548, 3], [[21215, 21], [21510, 19], [21410, 22], [21268, 21], [21306, 23], [21329, 27], [21502, 8], [24368, 11]]]
[[7722, 4], [[26170, 20], [53921, 8], [21554, 26]]]
[[22419, 4], [[22405, 14]]]
[[22476, 2], [[22473, 5]]]
[[132, 2], [[22473, 5], [51736, 48], [50588, 8], [61931, 8]]]
[[219, 3], [[18746, 18], [38607, 9], [18806, 20], [57814, 6], [12981, 13], [57729, 7], [57846, 7], [12994, 15], [60141, 9], [18764, 12], [18841, 13], [18854, 13], [18732, 14], [45439, 9], [57772, 4]]]
[[25726, 4], [[17781, 9]]]
[[26165, 2], [[26160, 7]]]
[[26167, 3], [[31243, 10], [57980, 18], [38607, 9], [46163, 8], [26170, 20], [61509, 11], [59632, 11], [26160, 7], [32704, 8], [50588, 8], [60141, 9], [27888, 9], [26194, 16], [45439, 9]]]
[[26190, 4], [[31243, 10], [26170, 20], [27888, 9], [26194, 16]]]
[[26210, 3], [[26194, 16]]]
[[28305, 5], [[31094, 14], [27888, 9]]]
[[29708, 3], [[31243, 10], [57980, 18], [38607, 9], [46163, 8], [26170, 20], [61509, 11], [59632, 11], [26160, 7], [32704, 8], [50588, 8], [60141, 9], [27888, 9], [26194, 16], [45439, 9]]]
[[31253, 8], [[31243, 10], [57729, 7]]]
[[17423, 4], [[31243, 10]]]
[[2012, 4], [[32704, 8]]]
[[32712, 10], [[32704, 8], [32923, 11]]]
[[33040, 4], [[32923, 11]]]
[[32714, 6], [[32923, 11]]]
[[38873, 5], [[38862, 11]]]
[[38878, 3], [[38862, 11]]]
[[45606, 3], [[46163, 8], [51973, 11]]]
[[50993, 3], [[52334, 14], [52666, 14], [55874, 8], [51898, 18], [33445, 6], [51014, 9], [51290, 10], [51736, 48], [56866, 16], [50776, 7], [53607, 10], [53921, 8], [51447, 10], [51700, 36], [57540, 26], [51973, 11], [51919, 49]]]
[[50996, 18], [[52334, 14], [52666, 14], [55874, 8], [51898, 18], [33445, 6], [51014, 9], [51290, 10], [51736, 48], [56866, 16], [50776, 7], [53607, 10], [53921, 8], [51447, 10], [51700, 36], [57540, 26], [51973, 11], [51919, 49]]]
[[8936, 2], [[50776, 7]]]
[[51001, 13], [[52334, 14], [52666, 14], [55874, 8], [51898, 18], [33445, 6], [51014, 9], [51290, 10], [51736, 48], [56866, 16], [50776, 7], [53607, 10], [53921, 8], [51447, 10], [51700, 36], [57540, 26], [51973, 11], [51919, 49]]]
[[50986, 2], [[52334, 14], [52666, 14], [55874, 8], [51898, 18], [33445, 6], [51014, 9], [51290, 10], [51736, 48], [56866, 16], [50776, 7], [53607, 10], [53921, 8], [51447, 10], [51700, 36], [57540, 26], [51973, 11], [51919, 49]]]
[[25190, 3], [[51014, 9]]]
[[33502, 4], [[51290, 10]]]
[[7433, 4], [[51290, 10]]]
[[51697, 3], [[51447, 10]]]
[[51027, 3], [[51736, 48], [51447, 10]]]
[[26730, 6], [[51736, 48]]]
[[51916, 3], [[51898, 18]]]
[[51909, 3], [[51898, 18]]]
[[51968, 5], [[51919, 49]]]
[[52660, 6], [[52334, 14], [58975, 17]]]
[[53601, 6], [[52666, 14]]]
[[53916, 5], [[53607, 10]]]
[[7596, 6], [[53607, 10]]]
[[55540, 3], [[53921, 8]]]
[[33445, 6], [[33445, 6]]]
[[32936, 2], [[33445, 6]]]
[[25730, 5], [[56866, 16]]]
[[7771, 3], [[56866, 16]]]
[[57532, 8], [[56866, 16]]]
[[3577, 3], [[19215, 16], [17916, 17], [31243, 10], [52334, 14], [52666, 14], [57652, 6], [19173, 5], [5302, 20], [13257, 5], [20674, 18], [18746, 18], [20496, 10], [38607, 9], [23706, 19], [46163, 8], [21215, 21], [21510, 19], [55874, 8], [8416, 26], [23686, 20], [19302, 6], [18806, 20], [26170, 20], [46236, 5], [59563, 23], [10248, 5], [19728, 6], [21410, 22], [21268, 21], [22473, 5], [23665, 21], [19178, 6], [19189, 6], [21306, 23], [51898, 18], [31094, 14], [22423, 9], [2643, 7], [17, 10], [33445, 6], [21329, 27], [51014, 9], [21390, 20], [19294, 8], [2643, 13], [21502, 8], [51290, 10], [51736, 48], [12981, 13], [19115, 8], [19150, 8], [56866, 16], [2492, 2], [26160, 7], [50776, 7], [12994, 15], [125, 3], [2513, 16], [17885, 9], [17781, 9], [7737, 9], [17894, 9], [19318, 9], [53607, 10], [2539, 17], [1638, 3], [57566, 11], [53921, 8], [32704, 8], [50588, 8], [60141, 9], [17946, 10], [7706, 22], [19308, 10], [51447, 10], [2513, 10], [51700, 36], [38835, 27], [17809, 61], [24368, 11], [21554, 26], [21551, 3], [38862, 11], [32923, 11], [2539, 11], [19158, 11], [18764, 12], [27888, 9], [19561, 13], [11199, 3], [19138, 12], [19488, 13], [19548, 13], [19469, 13], [57540, 26], [11109, 3], [19534, 14], [18841, 13], [18854, 13], [17903, 13], [17796, 13], [17933, 13], [22405, 14], [18732, 14], [51973, 11], [19327, 4], [19169, 4], [18724, 4], [13240, 4], [5411, 17], [18776, 15], [18791, 15], [26194, 16], [18826, 15], [19518, 16], [3765, 18], [45439, 9], [19599, 17], [19501, 17], [7702, 4], [5375, 19], [51919, 49], [19581, 18], [7831, 33], [0, 11]]]
[[54252, 3], [[57652, 6], [57566, 11]]]
[[57566, 6], [[57566, 11], [62049, 10]]]
[[57648, 4], [[57652, 6], [57922, 8], [57814, 6], [57566, 11], [57772, 4], [62049, 10]]]
[[3765, 11], [[57652, 6], [57566, 11]]]
[[57707, 8], [[57652, 6]]]
[[57715, 14], [[57652, 6]]]
[[19372, 6], [[57846, 7]]]
[[50594, 2], [[57980, 18]]]
[[40, 3], [[61509, 11]]]
[[7958, 2], [[61931, 8]]]
