-8,5334,1,-16 -8,7546,2,-16
-8,10073,2,-16 -8,4275,3,-16
-8,4616,2,-16 -8,6027,6,-16,-8,4616,2,-16
-8,8819,3,-16 -8,1874,2,-16
-8,6971,3,-16 -8,6971,3,-16,-8,5430,7,-16,-8,5430,7,-16,-8,7310,7,-16,-8,7310,7,-16,-8,1013,3,-16,-8,10196,9,-16
-8,6955,4,-16 -8,5326,2,-16,-8,5326,4,-16
-8,13493,2,-16 -8,5994,6,-16,-8,13495,3,-16
-8,1018,2,-16 -8,13498,5,-16
-8,7548,2,-16 -8,13503,4,-16,-8,2353,7,-16
-8,13989,3,-16 -8,1352,2,-16
-8,28951,5,-16 -8,1746,6,-16
-8,254,1,-16 -8,9761,3,-16,-8,-8,-4545,-5454,-16,-2,-8,9750,2,-16,-16,-8,-8,-8,-8,-4545,-5454,-16,-2,-8,28966,4,-16,-16,-2,-8,28970,5,-16,-16,-2,-8,254,1,-16,-16,-8,-8,-8,-4545,-5454,-16,-2,-8,9750,2,-16,-16,-2,-8,254,1,-16,-16,-8,8727,7,-16,-8,-8,-8,-4545,-5454,-16,-2,-8,28966,4,-16,-16,-2,-8,28970,5,-16,-16,-8,-8,-8,-4545,-5454,-16,-2,-8,28975,5,-16,-16,-2,-8,254,1,-16,-16,-8,5164,4,-16,-8,28961,5,-16,-8,28980,7,-16,-8,-8,-8,-4545,-5454,-16,-2,-8,19447,2,-16,-16,-2,-8,254,1,-16,-16,-8,-8,-4545,-5454,-16,-2,-8,19447,2,-16,-16,-8,5169,5,-16,-8,-8,-4545,-5454,-16,-2,-8,28975,5,-16,-16
-8,31561,5,-16 -8,7812,3,-16
-8,5430,7,-16 -8,18949,8,-16
-8,398,1,-16 -8,32711,4,-16,-8,32715,4,-16
-8,32847,3,-16 -8,32850,4,-16,-8,32854,4,-16,-8,32858,4,-16,-8,32862,5,-16,-8,32867,4,-16,-8,32871,3,-16
-8,32909,3,-16 -8,-8,-8,-8,-4545,-5454,-16,-2,-8,32909,3,-16,-16,-2,-8,32912,2,-16,-16,-2,-8,13606,2,-16,-16
-8,28970,5,-16 -8,-8,-8,-8,-4545,-5454,-16,-2,-8,28966,4,-16,-16,-2,-8,28970,5,-16,-16,-2,-8,254,1,-16,-16,-8,-8,-8,-4545,-5454,-16,-2,-8,28966,4,-16,-16,-2,-8,28970,5,-16,-16
-8,1011,2,-16 -8,-8,-8,-4545,-5454,-16,-2,-8,1011,2,-16,-16,-2,-8,1013,3,-16,-16,-8,1018,2,-16
-8,33312,2,-16 -8,33314,3,-16,-8,33317,3,-16,-8,33320,2,-16
-8,4162,6,-16 -8,1291,3,-16
-8,5392,2,-16 -8,-8,-8,-8,-8,-4545,-5454,-16,-2,-8,33496,4,-16,-16,-2,-8,5392,2,-16,-16,-2,-8,13606,2,-16,-16,-2,-8,11232,3,-16,-16
-8,10128,2,-16 -8,33500,4,-16,-8,33504,4,-16,-8,33508,9,-16,-8,33517,4,-16,-8,33521,4,-16,-8,33525,3,-16,-8,33528,4,-16
-8,9750,2,-16 -8,-8,-8,-4545,-5454,-16,-2,-8,9750,2,-16,-16,-2,-8,254,1,-16,-16,-8,21683,3,-16,-8,33783,8,-16
-8,-8,9750,2,-16,-2,-8,254,1,-16,-16 -8,21683,3,-16,-8,33783,8,-16
-8,33791,3,-16 -8,32867,4,-16,-8,33794,4,-16,-8,33798,4,-16
-8,32912,2,-16 -8,-8,-8,-8,-4545,-5454,-16,-2,-8,32909,3,-16,-16,-2,-8,32912,2,-16,-16,-2,-8,13606,2,-16,-16
-8,19447,2,-16 -8,-8,-8,-4545,-5454,-16,-2,-8,19447,2,-16,-16,-2,-8,254,1,-16,-16,-8,-8,9760,4,-16,-2,-1,-8,28975,4,-16,-16,-8,-8,9759,5,-16,-2,-1,-8,28975,4,-16,-16
-8,33935,6,-16 -8,13498,5,-16
-8,34050,2,-16 -8,34052,4,-16,-8,34056,4,-16,-8,34060,3,-16
-8,1354,1,-16 -8,34063,5,-16
-8,11232,2,-16 -8,22371,2,-16,-8,34068,2,-16,-8,34070,3,-16,-8,34073,2,-16
-8,9761,3,-16 -8,-8,-8,-4545,-5454,-16,-2,-8,9759,2,-16,-16,-2,-8,9761,3,-16,-16,-8,34075,4,-16,-8,34079,4,-16,-8,9765,5,-16,-8,9760,4,-16
-8,164,2,-16 -8,274,2,-16,-8,9364,5,-16,-8,8750,3,-16,-8,6579,3,-16
-8,34156,3,-16 -8,34159,4,-16
-8,13606,2,-16 -8,-8,-8,-4545,-5454,-16,-2,-8,13606,2,-16,-16,-2,-8,34163,3,-16,-16,-8,-8,-8,-8,-8,-4545,-5454,-16,-2,-8,33496,4,-16,-16,-2,-8,5392,2,-16,-16,-2,-8,13606,2,-16,-16,-2,-8,11232,3,-16,-16,-8,-8,-8,-8,-4545,-5454,-16,-2,-8,32909,3,-16,-16,-2,-8,32912,2,-16,-16,-2,-8,13606,2,-16,-16
-8,34163,3,-16 -8,-8,-8,-4545,-5454,-16,-2,-8,13606,2,-16,-16,-2,-8,34163,3,-16,-16
-8,33496,4,-16 -8,-8,-8,-8,-8,-4545,-5454,-16,-2,-8,33496,4,-16,-16,-2,-8,5392,2,-16,-16,-2,-8,13606,2,-16,-16,-2,-8,11232,3,-16,-16
-8,11232,3,-16 -8,-8,-8,-8,-8,-4545,-5454,-16,-2,-8,33496,4,-16,-16,-2,-8,5392,2,-16,-16,-2,-8,13606,2,-16,-16,-2,-8,11232,3,-16,-16
-8,-8,-8,-8,33496,4,-16,-2,-8,5392,2,-16,-16,-2,-8,13606,2,-16,-16,-2,-8,11232,3,-16,-16 -8,34166,4,-16,-8,34170,6,-16,-8,34176,10,-16,-8,34186,8,-16,-8,34194,4,-16,-8,34198,5,-16,-8,34203,6,-16
-8,14030,2,-16 -8,14602,5,-16,-8,28975,5,-16,-8,34297,2,-16,-8,34299,3,-16,-8,34302,7,-16
-8,34309,3,-16 -8,34309,3,-16
-8,1013,3,-16 -8,34312,6,-16,-8,28283,5,-16,-8,-8,-8,-4545,-5454,-16,-2,-8,1011,2,-16,-16,-2,-8,1013,3,-16,-16,-8,14190,4,-16
-8,29607,2,-16 -8,19982,2,-16,-8,13008,2,-16,-8,34318,4,-16,-8,17250,3,-16,-8,34322,3,-16,-8,34325,4,-16,-8,34329,6,-16,-8,12963,6,-16,-8,34335,5,-16
-8,19016,2,-16 -8,9952,2,-16,-8,13756,2,-16,-8,5648,2,-16,-8,5308,3,-16,-8,34409,3,-16,-8,11232,2,-16,-8,34412,4,-16
-8,7812,3,-16 -8,34510,6,-16,-8,34516,6,-16
-8,13498,5,-16 -8,34603,5,-16
-8,9759,2,-16 -8,-8,-8,-4545,-5454,-16,-2,-8,9759,2,-16,-16,-2,-8,9761,3,-16,-16
-8,-8,19447,2,-16,-2,-8,254,1,-16,-16 -8,-8,9760,4,-16,-2,-1,-8,28975,4,-16,-16,-8,-8,9759,5,-16,-2,-1,-8,28975,4,-16,-16
-8,44045,4,-16 -8,-8,-8,-4545,-5454,-16,-2,-8,44045,4,-16,-16,-2,-1,-8,2344,3,-16,-16
-8,5164,4,-16 -8,44330,5,-16,-8,33783,8,-16
-8,304,4,-16 -8,44335,18,-16,-8,44353,10,-16,-8,7828,7,-16,-8,44363,6,-16,-8,44369,13,-16,-8,44382,12,-16,-8,44394,6,-16,-8,44400,10,-16,-8,44410,9,-16,-8,44419,8,-16,-8,44427,14,-16,-8,44441,7,-16,-8,44448,8,-16,-8,44456,5,-16,-8,44461,20,-16,-8,44481,18,-16,-8,43005,5,-16,-8,44499,6,-16,-8,44505,16,-16,-8,44521,5,-16,-8,44526,5,-16,-8,44531,8,-16,-8,44539,13,-16,-8,4211,7,-16,-8,42326,9,-16,-8,44552,5,-16,-8,44557,7,-16,-8,44564,4,-16,-8,43534,6,-16,-8,44568,6,-16,-8,44574,4,-16,-8,44578,16,-16,-8,44594,8,-16,-8,44602,9,-16,-8,44611,9,-16,-8,44620,19,-16,-8,44639,7,-16,-8,44646,9,-16,-8,44655,17,-16,-8,44672,11,-16,-8,-8,-8,-4545,-5454,-16,-2,-8,304,4,-16,-16,-2,-8,444,1,-16,-16,-8,44683,6,-16,-8,44689,6,-16,-8,44695,8,-16,-8,44703,18,-16,-8,44721,14,-16,-8,44735,7,-16,-8,44742,6,-16,-8,44748,8,-16,-8,44756,10,-16,-8,44766,17,-16,-8,44783,8,-16,-8,44791,9,-16,-8,44800,20,-16,-8,42016,7,-16,-8,44820,8,-16,-8,44828,23,-16,-8,44851,11,-16,-8,44862,11,-16
-8,28975,5,-16 -8,-8,-8,-4545,-5454,-16,-2,-8,28975,5,-16,-16,-2,-8,254,1,-16,-16,-8,-8,-4545,-5454,-16,-2,-8,28975,5,-16,-16
-8,1746,6,-16 -8,1818,3,-16
-8,28966,4,-16 -8,-8,-8,-8,-4545,-5454,-16,-2,-8,28966,4,-16,-16,-2,-8,28970,5,-16,-16,-2,-8,254,1,-16,-16,-8,-8,-8,-4545,-5454,-16,-2,-8,28966,4,-16,-16,-2,-8,28970,5,-16,-16
-8,34075,4,-16 -8,44919,5,-16,-8,9759,5,-16
-8,34079,4,-16 -8,9738,3,-16,-8,45029,3,-16,-8,45032,4,-16,-8,45036,4,-16,-8,45040,3,-16,-8,45043,3,-16,-8,9742,7,-16,-8,45046,4,-16,-8,45050,3,-16,-8,45053,5,-16
-8,5447,5,-16 -8,1191,5,-16
-8,14602,5,-16 -8,45293,5,-16,-8,45298,7,-16
-8,28961,5,-16 -8,45451,4,-16,-8,5655,4,-16,-8,45455,3,-16
-8,45458,4,-16 -8,304,4,-16,-8,22181,4,-16,-8,45462,4,-16,-8,45466,4,-16,-8,45470,4,-16,-8,45474,3,-16,-8,44838,4,-16,-8,45477,4,-16,-8,45481,5,-16,-8,45486,4,-16
-8,182,4,-16 -8,30524,2,-16,-8,33312,2,-16,-8,45490,5,-16
-8,41729,4,-16 -8,1013,3,-16,-8,1065,2,-16,-8,6971,3,-16
-8,3227,4,-16 -8,7959,5,-16,-8,2,2,-16,-8,3114,4,-16,-8,45682,5,-16,-8,45687,3,-16,-8,45690,3,-16,-8,36594,2,-16,-8,22055,2,-16,-8,2149,3,-16,-8,7706,5,-16,-8,2200,4,-16
-8,44919,5,-16 -8,2829,2,-16,-8,4509,2,-16,-8,44444,4,-16,-8,19718,2,-16,-8,21683,3,-16
-8,-8,9759,2,-16,-2,-8,9761,3,-16,-16 -8,19580,4,-16,-8,45693,3,-16,-8,45696,5,-16,-8,1097,2,-16,-8,45701,5,-16,-8,45706,4,-16,-8,45710,5,-16,-8,37746,6,-16,-8,45715,5,-16,-8,45720,6,-16,-8,45706,4,-16
-8,34603,5,-16 -8,45836,7,-16,-8,45843,7,-16
-8,-8,-8,28966,4,-16,-2,-8,28970,5,-16,-16,-2,-8,254,1,-16,-16 -8,9586,5,-16,-8,45850,4,-16,-8,36739,4,-16,-8,45701,5,-16,-8,45854,4,-16,-8,4509,2,-16,-8,45858,3,-16,-8,45861,8,-16,-8,45869,6,-16,-8,45875,5,-16,-8,45880,3,-16,-8,9738,3,-16,-8,21683,3,-16,-8,45693,3,-16,-8,45883,6,-16,-8,45889,9,-16,-8,9314,3,-16,-8,45898,5,-16,-8,45050,3,-16,-8,45903,8,-16,-8,45911,5,-16
-8,-8,28966,4,-16,-2,-8,28970,5,-16,-16 -8,9586,5,-16,-8,45850,4,-16,-8,36739,4,-16,-8,45701,5,-16,-8,45854,4,-16,-8,4509,2,-16,-8,45858,3,-16,-8,45861,8,-16,-8,45869,6,-16,-8,45875,5,-16,-8,45880,3,-16,-8,9738,3,-16,-8,21683,3,-16,-8,45693,3,-16,-8,45883,6,-16,-8,45889,9,-16,-8,9314,3,-16,-8,45898,5,-16,-8,45050,3,-16,-8,45903,8,-16,-8,45911,5,-16
-8,-8,28975,5,-16,-2,-8,254,1,-16,-16 -8,34079,4,-16,-8,46409,5,-16,-8,45701,5,-16,-8,37746,6,-16,-8,44330,5,-16
-8,1011,5,-16 -8,-8,1011,2,-16,-2,-8,1013,3,-16,-16
-8,-8,13606,2,-16,-2,-8,34163,3,-16,-16 -8,46638,7,-16,-8,21958,4,-16,-8,46645,10,-16
-8,-8,-8,32909,3,-16,-2,-8,32912,2,-16,-16,-2,-8,13606,2,-16,-16 -8,47666,4,-16,-8,47670,5,-16,-8,47675,5,-16,-8,47680,4,-16,-8,47684,5,-16,-8,47689,4,-16,-8,47693,6,-16
-8,45836,7,-16 -8,6474,7,-16,-8,1133,7,-16,-8,48209,9,-16,-8,48218,5,-16,-8,48223,7,-16
-8,45843,7,-16 -8,49047,5,-16,-8,49052,3,-16,-8,32948,4,-16,-8,49055,3,-16,-8,49058,7,-16
-8,939,1,-16 -8,190458,4,-16
