[[32, 4], [[0, 13], [1000, 1]]]
[[36, 2], [[0, 13]]]
[[38, 2], [[0, 13]]]
[[0, 7], [[0, 13]]]
[[40, 14], [[1448, 5], [1228, 2], [1242, 2], [1723, 5], [1756, 6], [1252, 2], [1209, 2], [1728, 6], [1261, 6], [878, 5], [1351, 15], [1711, 8], [1565, 7], [1919, 9], [304, 6], [709, 7], [162, 6], [1309, 6], [242, 7], [379, 13], [1839, 11], [1876, 13], [601, 2], [1103, 2], [405, 2], [447, 11], [520, 2], [613, 2], [1293, 2], [2023, 14], [365, 2], [1503, 9], [1654, 16], [325, 8], [1797, 8], [746, 13], [0, 13], [1603, 11], [61, 3], [119, 3], [267, 3], [476, 3], [436, 3], [1029, 4], [1083, 1], [1000, 1], [210, 4], [1010, 4], [650, 4], [654, 4], [696, 4], [1175, 9], [2072, 13], [2085, 4], [2103, 12]]]
[[54, 7], [[1448, 5], [1228, 2], [1242, 2], [1723, 5], [1756, 6], [1252, 2], [1209, 2], [1261, 6], [1351, 15], [1711, 8], [1565, 7], [1919, 9], [709, 7], [1309, 6], [1839, 11], [1876, 13], [601, 2], [1103, 2], [613, 2], [1293, 2], [2023, 14], [365, 2], [1503, 9], [1654, 16], [325, 8], [1797, 8], [746, 13], [0, 13], [1603, 11], [476, 3], [436, 3], [1083, 1], [1000, 1], [1010, 4], [696, 4], [1175, 9], [2072, 13], [2085, 4], [2103, 12]]]
[[113, 4], [[325, 8], [61, 3]]]
[[117, 2], [[601, 2], [405, 2], [613, 2], [365, 2], [861, 15], [61, 3], [436, 3]]]
[[119, 3], [[304, 6], [709, 7], [162, 6], [242, 7], [379, 13], [601, 2], [405, 2], [447, 11], [520, 2], [613, 2], [365, 2], [325, 8], [746, 13], [861, 15], [826, 27], [61, 3], [119, 3], [267, 3], [476, 3], [436, 3], [210, 4], [650, 4], [654, 4], [696, 4]]]
[[122, 13], [[304, 6], [162, 6], [242, 7], [379, 13], [447, 11], [520, 2], [746, 13], [61, 3], [119, 3], [267, 3], [476, 3], [210, 4], [650, 4], [654, 4], [696, 4]]]
[[135, 13], [[304, 6], [162, 6], [242, 7], [379, 13], [447, 11], [520, 2], [746, 13], [61, 3], [119, 3], [267, 3], [476, 3], [210, 4], [650, 4], [654, 4], [696, 4]]]
[[61, 3], [[61, 3]]]
[[148, 3], [[878, 5], [304, 6], [709, 7], [162, 6], [242, 7], [379, 13], [601, 2], [405, 2], [447, 11], [520, 2], [613, 2], [365, 2], [325, 8], [746, 13], [861, 15], [826, 27], [61, 3], [119, 3], [267, 3], [476, 3], [436, 3], [210, 4], [650, 4], [654, 4], [696, 4]]]
[[156, 2], [[119, 3]]]
[[151, 2], [[119, 3]]]
[[168, 3], [[162, 6]]]
[[188, 2], [[162, 6]]]
[[214, 2], [[210, 4]]]
[[240, 2], [[1261, 6], [878, 5], [304, 6], [210, 4], [650, 4], [654, 4]]]
[[261, 4], [[242, 7], [379, 13]]]
[[247, 2], [[242, 7], [379, 13]]]
[[265, 2], [[242, 7]]]
[[242, 4], [[242, 7]]]
[[300, 2], [[304, 6], [267, 3]]]
[[302, 2], [[304, 6], [267, 3]]]
[[363, 2], [[325, 8]]]
[[384, 4], [[379, 13]]]
[[447, 2], [[447, 11]]]
[[456, 2], [[447, 11]]]
[[450, 3], [[447, 11]]]
[[516, 4], [[476, 3]]]
[[507, 4], [[476, 3]]]
[[597, 2], [[520, 2]]]
[[524, 2], [[520, 2]]]
[[599, 2], [[520, 2]]]
[[609, 4], [[601, 2]]]
[[666, 2], [[650, 4], [654, 4]]]
[[668, 2], [[650, 4], [654, 4]]]
[[705, 2], [[696, 4]]]
[[707, 2], [[696, 4]]]
[[729, 7], [[709, 7], [1175, 9]]]
[[736, 5], [[709, 7]]]
[[741, 5], [[709, 7]]]
[[819, 5], [[746, 13]]]
[[824, 2], [[1728, 6], [1351, 15], [1711, 8], [2023, 14], [746, 13]]]
[[753, 4], [[746, 13]]]
[[826, 6], [[826, 27]]]
[[853, 6], [[861, 15], [826, 27]]]
[[859, 2], [[861, 15], [826, 27]]]
[[876, 2], [[162, 6], [0, 13]]]
[[11, 2], [[162, 6], [0, 13]]]
[[880, 3], [[878, 5]]]
[[990, 7], [[878, 5]]]
[[997, 3], [[878, 5]]]
[[1074, 9], [[1029, 4], [1083, 1]]]
[[1096, 7], [[1083, 1]]]
[[1154, 7], [[1103, 2]]]
[[1161, 9], [[1103, 2]]]
[[1170, 5], [[1103, 2]]]
[[1207, 2], [[1228, 2], [1242, 2], [1252, 2], [1209, 2], [1175, 9]]]
[[1218, 7], [[1228, 2], [1242, 2], [1252, 2], [1209, 2]]]
[[1225, 3], [[1242, 2], [1209, 2]]]
