-8,0,2,-16 -8,2,2,-16,-8,4,3,-16,-8,7,3,-16,-8,10,5,-16,-8,15,5,-16,-8,20,5,-16,-8,25,4,-16,-8,29,3,-16,-8,32,5,-16
-8,37,4,-16 -8,41,5,-16,-8,46,5,-16
-8,51,2,-16 -8,53,3,-16,-8,56,3,-16,-8,51,2,-16,-8,59,4,-16
-8,63,2,-16 -8,-8,-8,-4545,-5454,-16,-2,-8,63,2,-16,-16,-2,-8,5,1,-16,-16,-8,-8,-4545,-5454,-16,-2,-8,-8,63,2,-16,-2,-8,5,1,-16,-16,-16
-8,5,1,-16 -8,70,5,-16,-8,-8,-8,-4545,-5454,-16,-2,-8,63,2,-16,-16,-2,-8,5,1,-16,-16,-8,75,5,-16,-8,80,7,-16,-8,38,3,-16,-8,87,7,-16,-8,94,4,-16,-8,-8,-8,-4545,-5454,-16,-2,-8,98,5,-16,-16,-2,-8,5,1,-16,-16,-8,-8,-8,-4545,-5454,-16,-2,-8,103,4,-16,-16,-2,-8,5,1,-16,-16,-8,-8,-4545,-5454,-16,-2,-8,-8,63,2,-16,-2,-8,5,1,-16,-16,-16,-8,-8,-4545,-5454,-16,-2,-8,-8,98,5,-16,-2,-8,5,1,-16,-16,-16,-8,-8,-4545,-5454,-16,-2,-8,-8,103,4,-16,-2,-8,5,1,-16,-16,-16
-8,-8,63,2,-16,-2,-8,5,1,-16,-16 -8,107,3,-16,-8,110,8,-16
-8,38,3,-16 -8,37,4,-16,-8,47,4,-16,-8,118,5,-16,-8,123,4,-16
-8,127,3,-16 -8,130,4,-16,-8,134,4,-16,-8,138,4,-16
-8,142,3,-16 -8,142,3,-16
-8,56,3,-16 -8,145,4,-16,-8,149,4,-16,-8,153,4,-16,-8,157,5,-16,-8,130,4,-16,-8,162,3,-16
-8,165,4,-16 -8,169,3,-16,-8,172,2,-16,-8,174,3,-16
-8,169,3,-16 -8,177,5,-16,-8,182,4,-16,-8,186,6,-16,-8,-8,-8,-4545,-5454,-16,-2,-8,192,2,-16,-16,-2,-8,169,3,-16,-16,-8,-8,-4545,-5454,-16,-2,-8,-8,192,2,-16,-2,-8,169,3,-16,-16,-16
-8,94,4,-16 -8,194,5,-16,-8,110,8,-16
-8,199,3,-16 -8,202,4,-16
-8,70,5,-16 -8,206,4,-16,-8,71,4,-16,-8,210,3,-16
-8,213,2,-16 -8,215,4,-16,-8,219,4,-16,-8,223,9,-16,-8,232,4,-16,-8,236,4,-16,-8,240,3,-16,-8,243,4,-16
-8,46,5,-16 -8,247,5,-16,-8,252,4,-16,-8,256,3,-16,-8,259,5,-16,-8,29,2,-16,-8,264,5,-16,-8,269,4,-16,-8,273,5,-16,-8,278,6,-16,-8,284,6,-16,-8,290,4,-16
-8,59,4,-16 -8,294,4,-16,-8,298,4,-16,-8,302,4,-16,-8,306,4,-16,-8,310,4,-16,-8,314,3,-16,-8,317,4,-16,-8,321,4,-16,-8,325,5,-16,-8,330,4,-16
-8,98,5,-16 -8,-8,-8,-4545,-5454,-16,-2,-8,98,5,-16,-16,-2,-8,5,1,-16,-16,-8,-8,-4545,-5454,-16,-2,-8,-8,98,5,-16,-2,-8,5,1,-16,-16,-16
-8,-8,98,5,-16,-2,-8,5,1,-16,-16 -8,123,4,-16,-8,334,5,-16,-8,264,5,-16,-8,284,6,-16,-8,194,5,-16
-8,339,4,-16 -8,343,5,-16,-8,348,2,-16,-8,350,4,-16,-8,354,5,-16,-8,359,3,-16,-8,362,3,-16,-8,365,2,-16,-8,367,2,-16,-8,369,3,-16,-8,372,5,-16,-8,377,4,-16
-8,381,2,-16 -8,383,2,-16,-8,385,2,-16,-8,387,4,-16,-8,391,3,-16,-8,394,3,-16,-8,397,4,-16,-8,401,6,-16,-8,407,6,-16,-8,413,5,-16
-8,418,3,-16 -8,421,6,-16
-8,427,2,-16 -8,-8,-8,-4545,-5454,-16,-2,-8,427,2,-16,-16,-2,-8,429,3,-16,-16,-8,-8,-4545,-5454,-16,-2,-8,-8,427,2,-16,-2,-8,429,3,-16,-16,-16
-8,429,3,-16 -8,-8,-8,-4545,-5454,-16,-2,-8,427,2,-16,-16,-2,-8,429,3,-16,-16,-8,-8,-4545,-5454,-16,-2,-8,-8,427,2,-16,-2,-8,429,3,-16,-16,-16
-8,-8,427,2,-16,-2,-8,429,3,-16,-16 -8,432,7,-16,-8,439,4,-16,-8,443,10,-16
-8,41,5,-16 -8,7,2,-16,-8,4,2,-16,-8,453,4,-16,-8,457,2,-16,-8,107,3,-16
-8,103,4,-16 -8,-8,-8,-4545,-5454,-16,-2,-8,103,4,-16,-16,-2,-8,5,1,-16,-16,-8,-8,-4545,-5454,-16,-2,-8,-8,103,4,-16,-2,-8,5,1,-16,-16,-16
-8,-8,103,4,-16,-2,-8,5,1,-16,-16 -8,-8,47,4,-16,-2,-8,98,4,-16,-16,-8,-8,46,5,-16,-2,-8,98,4,-16,-16
-8,294,4,-16 -8,-8,-8,-4545,-5454,-16,-2,-8,294,4,-16,-16,-2,-8,8,1,-16,-16,-8,-8,-4545,-5454,-16,-2,-8,-8,294,4,-16,-2,-8,8,1,-16,-16,-16
-8,8,1,-16 -8,-8,-8,-4545,-5454,-16,-2,-8,294,4,-16,-16,-2,-8,8,1,-16,-16,-8,-8,-8,-4545,-5454,-16,-2,-8,459,3,-16,-16,-2,-8,8,1,-16,-16,-8,-8,-4545,-5454,-16,-2,-8,-8,294,4,-16,-2,-8,8,1,-16,-16,-16,-8,-8,-4545,-5454,-16,-2,-8,-8,459,3,-16,-2,-8,8,1,-16,-16,-16
-8,-8,294,4,-16,-2,-8,8,1,-16,-16 -8,462,8,-16,-8,470,9,-16,-8,479,4,-16,-8,483,6,-16,-8,489,7,-16,-8,496,7,-16,-8,470,7,-16,-8,503,13,-16,-8,516,7,-16,-8,523,16,-16,-8,539,8,-16,-8,547,6,-16,-8,553,16,-16,-8,569,23,-16,-8,592,8,-16,-8,600,5,-16,-8,605,9,-16,-8,614,8,-16,-8,622,5,-16,-8,627,6,-16,-8,633,17,-16,-8,650,12,-16,-8,662,7,-16,-8,669,11,-16,-8,680,9,-16,-8,689,9,-16,-8,698,19,-16,-8,717,17,-16,-8,734,9,-16,-8,743,18,-16,-8,761,11,-16,-8,772,5,-16,-8,777,14,-16,-8,761,11,-16,-8,791,10,-16,-8,801,10,-16,-8,811,8,-16,-8,819,6,-16,-8,825,8,-16,-8,833,4,-16,-8,837,6,-16,-8,843,6,-16,-8,849,5,-16,-8,854,13,-16,-8,867,8,-16,-8,875,7,-16,-8,882,5,-16,-8,887,18,-16,-8,905,7,-16,-8,912,9,-16,-8,921,6,-16,-8,927,11,-16,-8,938,14,-16,-8,952,20,-16,-8,972,10,-16,-8,982,18,-16,-8,1000,8,-16,-8,1008,20,-16,-8,1028,6,-16
-8,1034,4,-16 -8,1038,1,-16
-8,123,4,-16 -8,1039,3,-16,-8,1042,3,-16,-8,1045,4,-16,-8,1049,4,-16,-8,1053,3,-16,-8,1056,3,-16,-8,1059,7,-16,-8,1066,4,-16,-8,1070,3,-16,-8,1073,5,-16
-8,1078,2,-16 -8,213,2,-16,-8,1080,2,-16,-8,169,3,-16
-8,192,2,-16 -8,103,2,-16,-8,1082,4,-16,-8,1086,6,-16,-8,1092,4,-16,-8,1096,4,-16,-8,1100,2,-16,-8,-8,-8,-4545,-5454,-16,-2,-8,192,2,-16,-16,-2,-8,169,3,-16,-16,-8,-8,-4545,-5454,-16,-2,-8,-8,192,2,-16,-2,-8,169,3,-16,-16,-16
-8,-8,192,2,-16,-2,-8,169,3,-16,-16 -8,1102,3,-16,-8,1105,3,-16
-8,174,3,-16 -8,174,3,-16,-8,1108,7,-16,-8,1108,7,-16,-8,1115,7,-16,-8,1115,7,-16,-8,169,3,-16,-8,1122,9,-16
-8,459,3,-16 -8,-8,-8,-4545,-5454,-16,-2,-8,459,3,-16,-16,-2,-8,8,1,-16,-16,-8,-8,-4545,-5454,-16,-2,-8,-8,459,3,-16,-2,-8,8,1,-16,-16,-16
-8,-8,459,3,-16,-2,-8,8,1,-16,-16 -8,1131,5,-16,-8,1136,11,-16,-8,1147,9,-16,-8,1156,11,-16,-8,1167,6,-16,-8,1173,12,-16,-8,1185,9,-16,-8,1194,24,-16,-8,1218,8,-16,-8,1226,7,-16,-8,1233,3,-16,-8,1236,5,-16,-8,1241,8,-16,-8,1249,11,-16,-8,1260,10,-16,-8,1270,10,-16,-8,1280,21,-16,-8,1301,13,-16,-8,1314,7,-16,-8,1321,6,-16,-8,1327,5,-16,-8,1332,7,-16,-8,1339,8,-16,-8,1347,14,-16,-8,1361,5,-16,-8,1366,12,-16,-8,1378,6,-16,-8,1384,11,-16,-8,1395,7,-16,-8,1402,9,-16,-8,1411,13,-16,-8,1424,7,-16,-8,1431,3,-16,-8,1434,11,-16,-8,1445,9,-16,-8,1454,7,-16,-8,1461,5,-16,-8,1466,6,-16,-8,1472,15,-16,-8,1487,9,-16,-8,1496,9,-16,-8,1505,16,-16,-8,1521,11,-16,-8,1532,8,-16,-8,1540,17,-16,-8,1557,7,-16,-8,1564,7,-16,-8,1571,5,-16,-8,1576,7,-16,-8,1583,15,-16,-8,1598,5,-16,-8,1603,8,-16,-8,1611,15,-16
