[[38, 9], [[0, 6], [107, 10], [225, 20]]]
[[47, 6], [[0, 6], [107, 10], [197, 20], [225, 20], [306, 6], [376, 7], [410, 10]]]
[[53, 11], [[0, 6]]]
[[64, 10], [[0, 6]]]
[[74, 13], [[0, 6]]]
[[87, 8], [[0, 6]]]
[[95, 9], [[0, 6]]]
[[104, 3], [[0, 6], [107, 10], [197, 20], [225, 20]]]
[[145, 14], [[107, 10], [225, 20], [306, 6], [376, 7]]]
[[159, 11], [[107, 10], [225, 20]]]
[[170, 8], [[107, 10]]]
[[178, 19], [[107, 10]]]
[[217, 6], [[197, 20]]]
[[223, 2], [[197, 20]]]
[[283, 15], [[225, 20]]]
[[298, 8], [[225, 20], [376, 7]]]
[[340, 10], [[306, 6], [376, 7]]]
[[350, 9], [[306, 6], [376, 7]]]
[[359, 8], [[306, 6], [410, 10]]]
[[367, 9], [[306, 6], [376, 7], [410, 10]]]
[[430, 12], [[410, 10]]]
[[442, 14], [[410, 10]]]
[[456, 10], [[410, 10]]]
