-8,7695,7,-16 -8,7702,7,-16,-8,7709,7,-16,-8,7568,9,-16,-8,7716,5,-16,-8,7721,7,-16
-8,7728,3,-16 -8,-8,-8,-4545,-5454,-16,-2,-8,7697,2,-16,-16,-2,-8,7728,3,-16,-16
-8,7754,5,-16 -8,7697,5,-16
-8,7774,6,-16 -8,7754,5,-16
-8,7697,2,-16 -8,-8,-8,-4545,-5454,-16,-2,-8,7697,2,-16,-16,-2,-8,7728,3,-16,-16
-8,-8,7697,2,-16,-2,-8,7728,3,-16,-16 -8,7795,3,-16,-8,7798,3,-16
-8,7801,7,-16 -8,7808,5,-16,-8,7813,3,-16,-8,7816,4,-16,-8,7820,3,-16,-8,7823,7,-16
-8,7697,5,-16 -8,7695,7,-16,-8,7801,7,-16
-8,15100,6,-16 -8,15095,5,-16,-8,15106,5,-16,-8,15082,6,-16,-8,15111,6,-16,-8,15117,7,-16,-8,15124,6,-16,-8,15074,5,-16,-8,15130,6,-16,-8,15136,6,-16
-8,15100,2,-16 -8,15100,6,-16
-8,15142,5,-16 -8,15095,5,-16,-8,15106,5,-16,-8,15082,6,-16,-8,15111,6,-16
