[[115, 2], [[221, 10], [115, 40]]]
[[124, 2], [[115, 40]]]
[[127, 4], [[936, 37], [185, 34], [115, 40]]]
[[179, 6], [[507, 7]]]
[[219, 2], [[185, 34]]]
[[201, 3], [[185, 34]]]
[[231, 2], [[231, 34]]]
[[241, 2], [[231, 34]]]
[[253, 4], [[231, 34]]]
[[292, 3], [[450, 10], [389, 38], [328, 43], [427, 23], [265, 27], [371, 18], [295, 33]]]
[[514, 7], [[507, 7]]]
[[881, 2], [[853, 28]]]
[[883, 2], [[853, 28]]]
[[885, 1], [[853, 28]]]
[[889, 2], [[886, 50]]]
[[936, 2], [[936, 37], [998, 25]]]
[[973, 3], [[936, 37]]]
[[1046, 2], [[998, 25]]]
[[1048, 5], [[998, 25]]]
[[1004, 2], [[998, 25]]]
[[1040, 2], [[998, 25]]]
[[201, 2], [[3236, 14]]]
[[3270, 2], [[3236, 14], [3327, 15]]]
[[3272, 2], [[3236, 14]]]
[[328, 1], [[3327, 15]]]
[[3348, 3], [[3327, 15]]]
[[640, 2], [[4363, 9]]]
[[833, 2], [[4363, 9]]]
