[[3, 7], [[5555, 6], [5589, 12], [5752, 12], [5801, 12], [6051, 12], [8471, 12], [8701, 12], [8745, 12], [8765, 12], [8816, 12], [8852, 12], [8878, 12], [8934, 12], [8957, 12], [8988, 12], [9018, 12], [9096, 12], [9110, 12], [9168, 12], [9277, 12], [9300, 12], [9332, 12], [9379, 12], [9432, 12], [9473, 12], [9546, 12], [9606, 12], [9642, 12], [9667, 12], [9712, 12], [9748, 12], [9784, 12], [9818, 12], [9838, 12], [9871, 12], [9897, 12], [9975, 12], [10011, 12], [10052, 12], [10078, 12], [10101, 12], [10135, 12], [10151, 12], [10186, 12], [10209, 12], [10268, 12], [10298, 12], [10334, 12], [10385, 12], [10415, 12], [10451, 12], [10492, 12], [10558, 12], [10580, 12], [10604, 12], [10682, 12], [10727, 12], [10774, 12], [10786, 12], [10806, 12], [10853, 12], [10865, 12], [10909, 12], [10931, 12], [10973, 12], [10999, 12], [11028, 12], [11051, 12], [11074, 12], [377, 12], [11118, 12], [11148, 12], [11167, 12], [1788, 6], [11187, 14], [11233, 14], [11257, 13]]]
[[10, 30], [[5555, 6], [8701, 12], [8745, 12], [8765, 12], [8816, 12], [8852, 12], [8878, 12], [8934, 12], [8957, 12], [8988, 12], [9018, 12], [9096, 12], [9110, 12], [9168, 12], [9277, 12], [9300, 12], [9332, 12], [9379, 12], [9432, 12], [9473, 12], [9546, 12], [9606, 12], [9642, 12], [9667, 12], [9712, 12], [9748, 12], [9784, 12], [9818, 12], [9838, 12], [9871, 12], [9897, 12], [9975, 12], [10011, 12], [10052, 12], [10078, 12], [10101, 12], [10135, 12], [10151, 12], [10186, 12], [10209, 12], [10268, 12], [10298, 12], [10334, 12], [10385, 12], [10415, 12], [10451, 12], [10492, 12], [10558, 12], [10580, 12], [10604, 12], [10682, 12], [10727, 12], [10774, 12], [10786, 12], [10806, 12], [10853, 12], [10865, 12], [10909, 12], [10931, 12], [10973, 12], [10999, 12], [11028, 12], [11051, 12], [11074, 12], [377, 12], [11118, 12], [11148, 12], [11167, 12], [1788, 6]]]
[[40, 5], [[5555, 6], [1788, 6]]]
[[45, 9], [[5555, 6], [5589, 12], [5752, 12], [5801, 12], [6051, 12], [8471, 12], [8701, 12], [8745, 12], [8765, 12], [8816, 12], [8852, 12], [8878, 12], [8934, 12], [8957, 12], [8988, 12], [9018, 12], [9096, 12], [9110, 12], [9168, 12], [9277, 12], [9300, 12], [9332, 12], [9379, 12], [9432, 12], [9473, 12], [9546, 12], [9606, 12], [9642, 12], [9667, 12], [9712, 12], [9748, 12], [9784, 12], [9818, 12], [9838, 12], [9871, 12], [9897, 12], [9975, 12], [10011, 12], [10052, 12], [10078, 12], [10101, 12], [10135, 12], [10151, 12], [10186, 12], [10209, 12], [10268, 12], [10298, 12], [10334, 12], [10385, 12], [10415, 12], [10451, 12], [10492, 12], [10558, 12], [10580, 12], [10604, 12], [10682, 12], [10727, 12], [10774, 12], [10786, 12], [10806, 12], [10853, 12], [10865, 12], [10909, 12], [10931, 12], [10973, 12], [10999, 12], [11028, 12], [11051, 12], [11074, 12], [377, 12], [11118, 12], [11148, 12], [11167, 12], [1788, 6], [11187, 14], [11233, 14], [11257, 13]]]
[[1975, 2], [[5752, 12], [5801, 12], [6051, 12], [9277, 12], [10415, 12]]]
[[1981, 1], [[5589, 12], [5752, 12], [5801, 12], [6051, 12], [8471, 12], [8745, 12], [8816, 12], [8852, 12], [8934, 12], [8957, 12], [8988, 12], [9110, 12], [9168, 12], [9300, 12], [9332, 12], [9379, 12], [9432, 12], [9546, 12], [9606, 12], [9642, 12], [9667, 12], [9712, 12], [9748, 12], [9784, 12], [9818, 12], [9838, 12], [9871, 12], [9897, 12], [9975, 12], [10052, 12], [10101, 12], [10135, 12], [10268, 12], [10298, 12], [10385, 12], [10415, 12], [10451, 12], [10558, 12], [10604, 12], [10682, 12], [10727, 12], [10806, 12], [10853, 12], [10865, 12], [10931, 12], [11051, 12], [11074, 12], [377, 12], [11118, 12], [11167, 12]]]
[[1982, 1], [[8471, 12]]]
[[1989, 2], [[5801, 12], [6051, 12], [8988, 12], [9332, 12], [9379, 12], [9642, 12], [9667, 12], [9818, 12], [9838, 12], [10999, 12]]]
[[55, 1], [[5589, 12], [6051, 12], [8878, 12], [9018, 12], [9110, 12], [9168, 12], [9332, 12], [9606, 12], [9748, 12], [9784, 12], [10101, 12], [10135, 12], [10806, 12], [10853, 12], [10865, 12], [10931, 12], [377, 12]]]
[[1995, 1], [[5589, 12], [5752, 12], [6051, 12], [8471, 12], [9168, 12], [9332, 12], [9897, 12], [10078, 12], [10135, 12], [10186, 12], [10268, 12], [10334, 12], [10415, 12], [10492, 12], [10558, 12], [10604, 12], [10682, 12], [10727, 12], [10786, 12], [10865, 12], [11118, 12], [11148, 12]]]
[[2002, 1], [[5589, 12], [5801, 12], [6051, 12], [8471, 12], [8852, 12], [8957, 12], [8988, 12], [9110, 12], [9168, 12], [9332, 12], [9379, 12], [9432, 12], [9642, 12], [9712, 12], [9748, 12], [9784, 12], [10011, 12], [10101, 12], [10151, 12], [10209, 12], [10415, 12], [10451, 12], [10682, 12], [10806, 12], [10853, 12], [10999, 12], [11051, 12], [377, 12]]]
[[2032, 2], [[6051, 12], [9642, 12], [10052, 12], [10101, 12], [10999, 12]]]
[[1, 1], [[5589, 12], [5752, 12], [8471, 12], [8765, 12], [8816, 12], [8878, 12], [8934, 12], [8957, 12], [8988, 12], [9018, 12], [9168, 12], [9277, 12], [9300, 12], [9332, 12], [9379, 12], [9473, 12], [9546, 12], [9667, 12], [9712, 12], [9748, 12], [9784, 12], [9818, 12], [9838, 12], [9897, 12], [9975, 12], [10011, 12], [10052, 12], [10078, 12], [10209, 12], [10268, 12], [10334, 12], [10385, 12], [10415, 12], [10682, 12], [10806, 12], [10853, 12], [10865, 12], [10931, 12], [10999, 12], [11028, 12], [11074, 12], [377, 12], [11118, 12], [11148, 12], [11167, 12]]]
[[1984, 1], [[5752, 12], [8988, 12], [9168, 12], [9332, 12], [9432, 12], [9546, 12], [9712, 12], [9748, 12], [9784, 12], [9818, 12], [11118, 12]]]
[[2057, 1], [[5589, 12], [5752, 12], [5801, 12], [8471, 12], [9168, 12], [9379, 12], [9432, 12], [9546, 12], [9642, 12], [9712, 12], [9784, 12], [9871, 12], [9897, 12], [9975, 12], [10078, 12], [10774, 12], [10806, 12], [10853, 12], [10909, 12], [10973, 12], [11074, 12], [377, 12], [11118, 12]]]
[[79, 1], [[5801, 12], [9379, 12], [9838, 12], [10385, 12], [10973, 12], [11148, 12]]]
[[2147, 1], [[5752, 12], [5801, 12], [6051, 12], [8765, 12], [8852, 12], [8878, 12], [8957, 12], [8988, 12], [9110, 12], [9168, 12], [9300, 12], [9332, 12], [9379, 12], [9432, 12], [9473, 12], [9546, 12], [9606, 12], [9667, 12], [9712, 12], [9748, 12], [9784, 12], [9818, 12], [9838, 12], [9897, 12], [9975, 12], [10052, 12], [10078, 12], [10135, 12], [10209, 12], [10415, 12], [10727, 12], [10806, 12], [10853, 12], [10973, 12], [10999, 12], [11028, 12], [11051, 12], [11074, 12], [377, 12], [11167, 12]]]
[[2264, 3], [[5801, 12], [10931, 12], [10999, 12]]]
[[2267, 1], [[5589, 12], [5801, 12], [8745, 12], [8816, 12], [8934, 12], [8957, 12], [8988, 12], [9300, 12], [9379, 12], [10011, 12], [10268, 12], [10385, 12], [10415, 12], [10931, 12], [10999, 12], [377, 12]]]
[[2048, 1], [[8471, 12], [8957, 12], [9277, 12], [9432, 12], [9712, 12], [9838, 12], [9897, 12], [9975, 12], [10451, 12]]]
[[2294, 1], [[5752, 12], [8765, 12], [9168, 12], [9379, 12], [9642, 12], [9897, 12], [9975, 12], [10774, 12], [10865, 12]]]
[[2298, 2], [[5752, 12], [8957, 12], [9379, 12], [9606, 12], [9667, 12], [9784, 12], [9897, 12], [10806, 12], [10853, 12], [10865, 12]]]
[[2326, 1], [[6051, 12], [9110, 12]]]
[[2345, 2], [[5752, 12], [5801, 12], [6051, 12], [8471, 12], [8852, 12], [8934, 12], [9300, 12], [9473, 12], [9642, 12], [9712, 12], [9784, 12], [9838, 12], [10415, 12]]]
[[2029, 1], [[5752, 12], [5801, 12], [6051, 12], [8471, 12], [8852, 12], [8934, 12], [9300, 12], [9473, 12], [9642, 12], [9712, 12], [9784, 12], [9838, 12], [10415, 12], [377, 12]]]
[[78, 1], [[5589, 12], [5752, 12], [5801, 12], [6051, 12], [8745, 12], [8816, 12], [8878, 12], [8988, 12], [9110, 12], [9168, 12], [9332, 12], [9432, 12], [9606, 12], [9712, 12], [9748, 12], [9838, 12], [9871, 12], [10011, 12], [10078, 12], [10101, 12], [10151, 12], [10209, 12], [10415, 12], [10451, 12], [10865, 12], [10999, 12], [377, 12], [11148, 12], [11167, 12]]]
[[2417, 2], [[5801, 12], [8878, 12]]]
[[2445, 1], [[5589, 12], [5801, 12], [6051, 12], [8745, 12], [8852, 12], [8878, 12], [9168, 12], [9332, 12], [9546, 12], [9642, 12], [9712, 12], [10011, 12], [10078, 12], [10101, 12], [10268, 12], [10682, 12], [10806, 12], [10853, 12], [10865, 12], [10973, 12], [10999, 12], [377, 12], [11118, 12]]]
[[69, 1], [[5589, 12], [5801, 12], [6051, 12], [8471, 12], [8745, 12], [8852, 12], [9168, 12], [9300, 12], [10011, 12], [10101, 12], [10209, 12], [10268, 12], [10385, 12], [10415, 12], [10682, 12], [10806, 12], [10853, 12], [10865, 12], [10931, 12], [11051, 12], [11074, 12], [11118, 12]]]
[[2464, 1], [[5589, 12], [5752, 12], [5801, 12], [6051, 12], [8471, 12], [9168, 12], [9379, 12], [9712, 12], [9748, 12], [9784, 12], [9818, 12], [9871, 12], [9897, 12], [9975, 12], [10101, 12], [10209, 12], [10415, 12], [10999, 12], [11074, 12], [11167, 12]]]
[[2475, 8], [[5589, 12], [5752, 12], [8471, 12], [9110, 12], [9300, 12], [9784, 12], [9897, 12], [9975, 12], [10052, 12], [10101, 12], [10209, 12], [10451, 12], [10806, 12], [10853, 12], [10999, 12], [377, 12]]]
[[2143, 1], [[5801, 12], [10451, 12], [11074, 12], [377, 12]]]
[[2519, 1], [[5589, 12], [5752, 12], [5801, 12], [6051, 12], [8471, 12], [9379, 12], [9432, 12], [9642, 12], [9818, 12], [10415, 12]]]
[[2520, 1], [[5801, 12], [6051, 12], [8471, 12], [9379, 12], [9432, 12], [9748, 12], [9818, 12]]]
[[2533, 1], [[5752, 12], [9168, 12], [9818, 12], [10011, 12], [10052, 12], [10078, 12], [10999, 12]]]
[[2630, 1], [[8471, 12], [8816, 12], [9110, 12], [9168, 12], [9379, 12], [9546, 12], [9642, 12], [9818, 12]]]
[[2861, 2], [[5752, 12], [5801, 12], [6051, 12], [9838, 12], [9871, 12], [10415, 12]]]
[[2927, 3], [[5801, 12], [9642, 12]]]
[[2960, 2], [[5801, 12]]]
[[2969, 2], [[8471, 12], [8878, 12], [10451, 12]]]
[[2096, 1], [[5589, 12], [5752, 12], [8471, 12], [8957, 12], [8988, 12], [9168, 12], [9432, 12], [10865, 12], [11051, 12]]]
[[76, 1], [[5589, 12], [8745, 12], [8765, 12], [9110, 12], [9332, 12], [9784, 12], [9871, 12], [10011, 12], [10135, 12], [10451, 12], [10806, 12], [10853, 12], [10931, 12], [10999, 12], [11074, 12], [377, 12], [11167, 12]]]
[[3130, 5], [[5752, 12], [9712, 12], [9818, 12], [9871, 12], [10135, 12]]]
[[3223, 2], [[8471, 12]]]
[[1983, 2], [[5801, 12], [6051, 12], [9110, 12], [9379, 12], [9642, 12]]]
[[3007, 2], [[5752, 12]]]
[[3325, 2], [[5589, 12], [5801, 12], [10415, 12], [377, 12]]]
[[3330, 2], [[5589, 12], [5752, 12], [9168, 12], [9432, 12], [10931, 12], [11074, 12], [377, 12]]]
[[3400, 2], [[5589, 12], [8471, 12], [8878, 12], [9110, 12]]]
[[2444, 1], [[5589, 12], [8471, 12], [8816, 12], [8852, 12], [8957, 12], [9168, 12], [11051, 12]]]
[[3394, 1], [[5801, 12]]]
[[2001, 2], [[5752, 12], [5801, 12], [8816, 12], [10101, 12]]]
[[4205, 2], [[6051, 12], [9667, 12]]]
[[2121, 1], [[6051, 12], [9642, 12]]]
[[2278, 1], [[5752, 12], [6051, 12], [11074, 12]]]
[[5601, 37], [[5589, 12], [5752, 12], [5801, 12], [6051, 12], [8471, 12]]]
[[5638, 20], [[5589, 12]]]
[[5658, 18], [[5589, 12], [5752, 12], [8471, 12]]]
[[5676, 19], [[5589, 12], [5752, 12], [8471, 12]]]
[[5695, 4], [[5589, 12], [10151, 12]]]
[[5699, 2], [[5589, 12]]]
[[5701, 4], [[5589, 12]]]
[[5705, 3], [[5589, 12]]]
[[5708, 2], [[5589, 12]]]
[[5710, 3], [[5589, 12]]]
[[5713, 3], [[5589, 12], [9667, 12], [10415, 12]]]
[[5716, 5], [[5589, 12]]]
[[5721, 3], [[5589, 12], [8878, 12], [10415, 12]]]
[[4326, 1], [[5589, 12], [5752, 12], [5801, 12], [6051, 12], [8471, 12], [8765, 12], [10385, 12], [10415, 12]]]
[[5724, 3], [[5589, 12], [5752, 12], [5801, 12], [6051, 12], [8471, 12], [9606, 12]]]
[[5559, 2], [[5589, 12], [5752, 12], [6051, 12], [9748, 12], [10415, 12]]]
[[5727, 3], [[5589, 12]]]
[[5730, 2], [[5589, 12]]]
[[5732, 2], [[5589, 12], [6051, 12]]]
[[5734, 2], [[5589, 12]]]
[[5736, 3], [[5589, 12]]]
[[5739, 6], [[5589, 12]]]
[[5745, 2], [[5589, 12], [5801, 12]]]
[[5747, 3], [[5589, 12], [10415, 12]]]
[[5750, 2], [[5589, 12], [5801, 12], [6051, 12], [8471, 12], [9642, 12]]]
[[5764, 4], [[5752, 12], [10909, 12]]]
[[5768, 3], [[5752, 12]]]
[[5771, 2], [[5752, 12], [5801, 12]]]
[[5773, 2], [[5752, 12]]]
[[5775, 2], [[5752, 12]]]
[[1979, 1], [[5752, 12], [8957, 12], [9300, 12], [9897, 12], [10209, 12], [10451, 12], [10865, 12]]]
[[5777, 2], [[5752, 12]]]
[[2371, 1], [[5752, 12], [8765, 12], [9606, 12]]]
[[5779, 2], [[5752, 12], [8471, 12]]]
[[5557, 2], [[5752, 12], [6051, 12]]]
[[5781, 3], [[5752, 12]]]
[[5784, 1], [[5752, 12]]]
[[5785, 2], [[5752, 12], [11074, 12]]]
[[5787, 2], [[5752, 12]]]
[[5789, 4], [[5752, 12]]]
[[5793, 4], [[5752, 12]]]
[[5797, 4], [[5752, 12]]]
[[5813, 8], [[5801, 12], [6051, 12], [10415, 12]]]
[[5821, 9], [[5801, 12], [6051, 12], [10415, 12]]]
[[5830, 12], [[5801, 12], [6051, 12], [10415, 12]]]
[[5842, 11], [[5801, 12], [6051, 12], [10415, 12]]]
[[5853, 11], [[5801, 12], [6051, 12], [10415, 12]]]
[[5864, 19], [[5801, 12], [6051, 12], [10415, 12]]]
[[5883, 21], [[5801, 12], [6051, 12], [10415, 12]]]
[[5904, 18], [[5801, 12], [6051, 12], [10415, 12]]]
[[5922, 23], [[5801, 12], [6051, 12], [10415, 12]]]
[[5945, 15], [[5801, 12], [6051, 12], [10415, 12]]]
[[5960, 2], [[5801, 12], [6051, 12], [8878, 12], [9546, 12]]]
[[5962, 2], [[5801, 12]]]
[[5964, 3], [[5801, 12]]]
[[5967, 8], [[5801, 12]]]
[[5975, 6], [[5801, 12]]]
[[5981, 3], [[5801, 12]]]
[[5984, 2], [[5801, 12], [10415, 12]]]
[[5986, 3], [[5801, 12]]]
[[5989, 3], [[5801, 12]]]
[[5992, 4], [[5801, 12], [6051, 12], [8471, 12], [10415, 12]]]
[[5996, 2], [[5801, 12], [8471, 12], [9332, 12], [10101, 12]]]
[[3629, 1], [[5801, 12], [9332, 12], [9432, 12]]]
[[5967, 5], [[5801, 12]]]
[[5998, 2], [[5801, 12]]]
[[6000, 2], [[5801, 12]]]
[[6014, 7], [[6051, 12]]]
[[6021, 2], [[6051, 12], [8878, 12]]]
[[6023, 3], [[6051, 12]]]
[[6026, 5], [[6051, 12], [9642, 12]]]
[[6031, 2], [[6051, 12]]]
[[6033, 2], [[6051, 12]]]
[[6035, 1], [[6051, 12]]]
[[6036, 4], [[6051, 12]]]
[[6040, 4], [[6051, 12]]]
[[6044, 4], [[6051, 12]]]
[[6048, 3], [[6051, 12]]]
[[6124, 3], [[8471, 12], [8852, 12], [8934, 12], [9642, 12], [10774, 12]]]
[[6400, 3], [[8471, 12]]]
[[84, 1], [[8471, 12], [9168, 12]]]
[[5556, 5], [[5589, 12], [5752, 12], [5801, 12], [6051, 12], [8471, 12]]]
[[8366, 2], [[8471, 12]]]
[[8368, 2], [[8471, 12]]]
[[8483, 21], [[8471, 12]]]
[[8504, 2], [[8471, 12]]]
[[8506, 2], [[8471, 12]]]
[[8508, 2], [[8471, 12]]]
[[8510, 2], [[8471, 12]]]
[[8512, 3], [[8471, 12]]]
[[8515, 3], [[8471, 12], [9277, 12]]]
[[8518, 5], [[8471, 12]]]
[[8523, 3], [[8471, 12]]]
[[8526, 3], [[8471, 12]]]
[[8529, 4], [[8471, 12]]]
[[1779, 1], [[5752, 12], [11187, 14], [11233, 14], [11257, 13], [9168, 12], [9277, 12], [10865, 12], [9300, 12], [10052, 12], [10973, 12], [10774, 12], [9606, 12], [11167, 12], [10268, 12], [10101, 12], [10786, 12], [9642, 12], [9110, 12], [8852, 12], [9748, 12]]]
[[38, 2], [[8701, 12], [8745, 12], [8765, 12], [8816, 12], [8852, 12], [8878, 12], [8934, 12], [8957, 12], [8988, 12], [9018, 12], [9096, 12], [9110, 12], [9168, 12], [9277, 12], [9300, 12], [9332, 12], [9379, 12], [9432, 12], [9473, 12], [9546, 12], [9606, 12], [9642, 12], [9667, 12], [9712, 12], [9748, 12], [9784, 12], [9818, 12], [9838, 12], [9871, 12], [9897, 12], [9975, 12], [10011, 12], [10052, 12], [10078, 12], [10101, 12], [10135, 12], [10151, 12], [10186, 12], [10209, 12], [10268, 12], [10298, 12], [10334, 12], [10385, 12], [10415, 12], [10451, 12], [10492, 12], [10558, 12], [10580, 12], [10604, 12], [10682, 12], [10727, 12], [10774, 12], [10786, 12], [10806, 12], [10853, 12], [10865, 12], [10909, 12], [10931, 12], [10973, 12], [10999, 12], [11028, 12], [11051, 12], [11074, 12], [377, 12], [11118, 12], [11148, 12], [11167, 12], [1788, 6]]]
[[5060, 3], [[8701, 12], [8745, 12]]]
[[8713, 6], [[8701, 12]]]
[[8719, 8], [[8701, 12]]]
[[2251, 1], [[8701, 12], [9018, 12], [9110, 12], [9168, 12], [9277, 12], [9300, 12], [9838, 12], [10101, 12], [10151, 12], [10186, 12], [10209, 12], [10385, 12], [10999, 12]]]
[[2252, 1], [[8701, 12], [9018, 12], [9110, 12], [9277, 12], [9300, 12], [9838, 12], [10101, 12], [10151, 12], [10186, 12], [10209, 12], [10385, 12], [10999, 12]]]
[[8727, 2], [[8701, 12]]]
[[16, 1], [[8701, 12], [10052, 12]]]
[[2636, 1], [[8701, 12], [10151, 12]]]
[[8729, 6], [[8701, 12]]]
[[8735, 6], [[8701, 12]]]
[[8741, 4], [[8701, 12]]]
[[114, 1], [[8701, 12], [9168, 12], [9300, 12], [9838, 12], [10052, 12], [10451, 12], [10806, 12], [10853, 12], [10931, 12], [377, 12]]]
[[2644, 1], [[8701, 12], [10151, 12]]]
[[1896, 8], [[8745, 12], [8765, 12], [8816, 12], [8852, 12], [8878, 12], [8934, 12], [8957, 12], [8988, 12], [9018, 12], [9096, 12], [9110, 12], [9168, 12], [9277, 12], [9300, 12], [9332, 12], [9432, 12], [9473, 12], [9606, 12], [9784, 12], [9838, 12], [9871, 12], [9897, 12], [10011, 12], [10052, 12], [10078, 12], [10101, 12], [10135, 12], [10151, 12], [10186, 12], [10268, 12], [10298, 12], [10334, 12], [10492, 12], [10558, 12], [10580, 12], [10604, 12], [10682, 12], [10727, 12], [10786, 12], [10806, 12], [10853, 12], [10909, 12], [10931, 12], [10973, 12], [11028, 12], [11051, 12], [11074, 12], [377, 12], [11118, 12], [11148, 12], [11167, 12]]]
[[8274, 2], [[8745, 12]]]
[[7565, 2], [[8745, 12], [9546, 12], [9642, 12]]]
[[8757, 3], [[8745, 12]]]
[[4719, 1], [[8745, 12]]]
[[2000, 1], [[8745, 12], [9432, 12], [10865, 12]]]
[[8760, 3], [[8745, 12], [10682, 12]]]
[[4632, 2], [[8745, 12]]]
[[2377, 1], [[8745, 12], [9606, 12], [9838, 12]]]
[[7242, 2], [[8745, 12], [9473, 12], [9838, 12]]]
[[2633, 3], [[8745, 12], [9300, 12], [9432, 12], [10931, 12]]]
[[8763, 2], [[8745, 12]]]
[[1951, 1], [[8745, 12], [8765, 12], [8852, 12], [8878, 12], [8934, 12], [8957, 12], [8988, 12], [9096, 12], [9110, 12], [9168, 12], [9277, 12], [9300, 12], [9332, 12], [9432, 12], [9546, 12], [9642, 12], [9784, 12], [9975, 12], [10011, 12], [10101, 12], [10151, 12], [10385, 12], [10604, 12], [10727, 12], [10806, 12], [10853, 12], [10865, 12], [10909, 12], [10999, 12], [377, 12]]]
[[3911, 4], [[8745, 12]]]
[[2744, 9], [[8765, 12], [8957, 12], [9432, 12]]]
[[4238, 3], [[8765, 12], [8816, 12], [8852, 12], [8934, 12], [8957, 12], [8988, 12], [9110, 12], [9168, 12], [9432, 12], [10101, 12]]]
[[2689, 9], [[8765, 12], [9018, 12], [9168, 12], [10151, 12]]]
[[1978, 1], [[8765, 12], [9110, 12], [10682, 12]]]
[[2272, 3], [[8765, 12], [8878, 12], [8988, 12], [9168, 12], [9300, 12], [9432, 12], [9606, 12], [10909, 12], [10973, 12]]]
[[92, 2], [[8765, 12], [8816, 12], [9897, 12], [9975, 12], [10865, 12]]]
[[6107, 1], [[8765, 12], [8852, 12], [8957, 12], [9110, 12], [9432, 12], [10604, 12], [11148, 12]]]
[[7318, 2], [[8765, 12], [8934, 12]]]
[[3491, 1], [[8765, 12], [8852, 12], [8934, 12], [8957, 12], [10011, 12]]]
[[8777, 4], [[8765, 12]]]
[[4198, 1], [[8765, 12], [9379, 12]]]
[[7574, 2], [[8765, 12]]]
[[2450, 2], [[8765, 12], [9300, 12]]]
[[8781, 3], [[8765, 12]]]
[[8784, 1], [[8765, 12]]]
[[6271, 3], [[8765, 12], [9712, 12], [10101, 12]]]
[[8785, 4], [[8765, 12]]]
[[3598, 2], [[8765, 12]]]
[[8789, 3], [[8765, 12]]]
[[3392, 1], [[8765, 12], [9332, 12], [9473, 12]]]
[[8792, 3], [[8765, 12]]]
[[4451, 2], [[8765, 12]]]
[[8795, 12], [[8765, 12]]]
[[3402, 1], [[8765, 12], [9332, 12], [9473, 12]]]
[[8807, 2], [[8765, 12]]]
[[2627, 3], [[8765, 12], [10999, 12]]]
[[2310, 2], [[8765, 12], [10973, 12]]]
[[2282, 2], [[8765, 12], [9168, 12], [9379, 12], [9642, 12], [9897, 12], [9975, 12], [10774, 12], [10865, 12]]]
[[8809, 2], [[8765, 12]]]
[[8811, 5], [[8765, 12]]]
[[2214, 9], [[8816, 12], [8852, 12], [8934, 12], [8957, 12], [9168, 12], [9332, 12], [9432, 12], [9606, 12], [9871, 12], [11118, 12]]]
[[2237, 13], [[8816, 12], [9606, 12]]]
[[6094, 10], [[8816, 12], [9606, 12], [9871, 12], [11118, 12]]]
[[1934, 1], [[8816, 12], [8852, 12], [8878, 12], [8934, 12], [8957, 12], [8988, 12], [9018, 12], [9110, 12], [9379, 12], [9473, 12], [9667, 12], [9712, 12], [9748, 12], [9784, 12], [9818, 12], [9838, 12], [10011, 12], [10052, 12], [10101, 12], [10135, 12], [10209, 12], [10385, 12], [10806, 12], [10853, 12], [10865, 12], [10999, 12], [377, 12], [11148, 12], [11167, 12]]]
[[2349, 2], [[8816, 12], [8852, 12], [8988, 12], [9110, 12], [9168, 12], [9784, 12], [9818, 12], [9838, 12], [9975, 12], [10011, 12], [10135, 12], [10268, 12], [10334, 12], [10385, 12], [10492, 12], [10558, 12], [10604, 12], [10682, 12], [10727, 12], [10865, 12], [11167, 12]]]
[[2351, 2], [[8816, 12], [8852, 12], [8988, 12], [9110, 12], [9168, 12], [9784, 12], [9818, 12], [9838, 12], [9975, 12], [10011, 12], [10135, 12], [10186, 12], [10209, 12], [10268, 12], [10334, 12], [10385, 12], [10492, 12], [10558, 12], [10604, 12], [10682, 12], [10727, 12], [10865, 12], [11167, 12]]]
[[1939, 1], [[8816, 12], [8852, 12], [8878, 12], [8934, 12], [8957, 12], [8988, 12], [9110, 12], [9379, 12], [9667, 12], [9712, 12], [9748, 12], [9784, 12], [9818, 12], [9838, 12], [9871, 12], [10011, 12], [10052, 12], [10101, 12], [10135, 12], [10209, 12], [10385, 12], [10806, 12], [10853, 12], [10865, 12], [10999, 12], [377, 12], [11148, 12], [11167, 12]]]
[[4386, 1], [[8816, 12], [10209, 12]]]
[[8828, 3], [[8816, 12]]]
[[2353, 1], [[8816, 12], [8934, 12], [8988, 12], [9168, 12], [9379, 12], [9606, 12], [9667, 12], [9712, 12], [9748, 12], [9784, 12], [9818, 12], [9838, 12], [9871, 12], [9897, 12], [9975, 12], [10451, 12], [10865, 12]]]
[[8831, 4], [[8816, 12]]]
[[8835, 2], [[8816, 12]]]
[[8837, 2], [[8816, 12]]]
[[7276, 3], [[8816, 12], [9096, 12], [10052, 12], [10580, 12], [10786, 12], [11074, 12], [11148, 12], [11167, 12]]]
[[2086, 1], [[8816, 12]]]
[[3243, 2], [[8816, 12], [9379, 12], [9432, 12]]]
[[2176, 1], [[8816, 12], [9546, 12]]]
[[6787, 1], [[8816, 12], [9168, 12], [9546, 12], [9642, 12], [9818, 12], [9838, 12]]]
[[3583, 1], [[8816, 12], [9168, 12], [9546, 12], [9642, 12], [9818, 12], [9838, 12]]]
[[8839, 3], [[8816, 12]]]
[[2722, 2], [[8816, 12], [10973, 12]]]
[[7651, 3], [[8816, 12]]]
[[8842, 2], [[8816, 12]]]
[[8844, 8], [[8816, 12]]]
[[1960, 2], [[8816, 12], [8852, 12], [8878, 12], [8934, 12], [9110, 12], [9642, 12], [9975, 12], [10052, 12], [10101, 12], [10931, 12], [11028, 12], [11074, 12]]]
[[2161, 3], [[8816, 12], [8852, 12], [9332, 12], [9871, 12], [9897, 12], [9975, 12], [10492, 12], [10604, 12], [10682, 12], [10727, 12], [10806, 12], [10853, 12], [10931, 12], [11074, 12], [377, 12]]]
[[2368, 2], [[8816, 12], [8852, 12], [8878, 12], [8934, 12], [8957, 12], [9110, 12], [9168, 12], [9432, 12], [9473, 12], [9642, 12], [9667, 12], [9975, 12], [10052, 12], [10101, 12], [10268, 12], [10385, 12], [10931, 12], [11028, 12], [11074, 12]]]
[[1876, 4], [[8852, 12], [8878, 12], [9975, 12], [10451, 12], [10806, 12], [10853, 12], [10931, 12], [11074, 12], [377, 12]]]
[[8864, 2], [[8852, 12], [8957, 12]]]
[[3949, 2], [[8852, 12], [8957, 12], [9818, 12], [9897, 12], [9975, 12]]]
[[5086, 2], [[8852, 12]]]
[[2470, 1], [[8852, 12]]]
[[8655, 3], [[8852, 12], [9300, 12]]]
[[938, 2], [[8852, 12], [8878, 12], [8988, 12], [9432, 12], [9897, 12], [9975, 12], [10451, 12]]]
[[2139, 2], [[8852, 12]]]
[[1972, 1], [[8852, 12], [9332, 12]]]
[[2141, 1], [[8852, 12], [8934, 12], [8957, 12], [8988, 12], [9110, 12], [9332, 12], [9432, 12], [9546, 12], [9606, 12], [9642, 12], [9748, 12], [9784, 12], [9818, 12], [9838, 12], [9871, 12], [9897, 12], [9975, 12], [10011, 12], [10151, 12], [10209, 12], [10334, 12], [10385, 12], [10451, 12], [10558, 12], [10604, 12], [10682, 12], [10727, 12], [10865, 12], [10931, 12], [10973, 12], [10999, 12], [11051, 12], [11074, 12], [377, 12]]]
[[1993, 2], [[8852, 12], [8934, 12], [8957, 12], [8988, 12], [9110, 12], [9332, 12], [9546, 12], [9606, 12], [9642, 12], [9748, 12], [9784, 12], [9818, 12], [9838, 12], [9871, 12], [9897, 12], [9975, 12], [10011, 12], [10151, 12], [10209, 12], [10334, 12], [10385, 12], [10415, 12], [10451, 12], [10558, 12], [10604, 12], [10682, 12], [10727, 12], [10865, 12], [10931, 12], [10973, 12], [10999, 12], [11051, 12], [11074, 12], [377, 12]]]
[[7844, 3], [[8852, 12]]]
[[2439, 3], [[8852, 12]]]
[[2316, 2], [[8852, 12]]]
[[8866, 2], [[8852, 12]]]
[[8591, 2], [[8852, 12], [8957, 12]]]
[[4660, 2], [[8852, 12], [8957, 12]]]
[[5580, 2], [[8852, 12], [9667, 12]]]
[[3335, 2], [[8852, 12], [8988, 12], [10298, 12], [377, 12]]]
[[8868, 4], [[8852, 12]]]
[[2996, 2], [[8852, 12]]]
[[8872, 2], [[8852, 12], [10604, 12]]]
[[8874, 4], [[8852, 12]]]
[[4907, 1], [[8852, 12], [8878, 12], [9606, 12], [11118, 12]]]
[[2344, 1], [[8852, 12], [8934, 12], [8957, 12], [9546, 12], [9606, 12], [9748, 12], [9784, 12], [9818, 12], [10931, 12]]]
[[3164, 2], [[8852, 12], [8957, 12], [9379, 12], [9546, 12], [9712, 12]]]
[[7578, 2], [[8852, 12], [8878, 12], [8957, 12], [8988, 12], [9332, 12], [10135, 12], [10451, 12], [11028, 12], [11051, 12]]]
[[7734, 2], [[8852, 12], [8878, 12], [8957, 12], [8988, 12], [9332, 12], [10135, 12], [10451, 12], [11028, 12], [11051, 12]]]
[[3699, 2], [[8852, 12]]]
[[2315, 3], [[8852, 12], [8957, 12], [9168, 12], [9667, 12], [10101, 12], [10558, 12], [10727, 12]]]
[[3306, 2], [[8852, 12], [9642, 12], [10931, 12], [377, 12]]]
[[2384, 2], [[8852, 12], [9818, 12]]]
[[1836, 4], [[8878, 12], [8988, 12], [9897, 12], [9975, 12], [10011, 12], [10052, 12], [10298, 12], [10451, 12], [10909, 12], [10973, 12], [11051, 12], [11148, 12], [11167, 12]]]
[[1855, 8], [[8878, 12], [9379, 12], [9667, 12], [9712, 12], [9748, 12], [10451, 12], [10931, 12], [11074, 12]]]
[[1871, 5], [[8878, 12], [8988, 12], [9096, 12], [9110, 12], [9277, 12], [9300, 12], [9473, 12], [9546, 12], [9642, 12], [9784, 12], [9838, 12], [9871, 12], [9897, 12], [9975, 12], [10011, 12], [10052, 12], [10078, 12], [10101, 12], [10135, 12], [10151, 12], [10451, 12], [10580, 12], [10786, 12], [10806, 12], [10853, 12], [10909, 12], [10931, 12], [10973, 12], [11051, 12], [11074, 12], [377, 12], [11118, 12], [11148, 12], [11167, 12]]]
[[8890, 12], [[8878, 12]]]
[[8902, 11], [[8878, 12]]]
[[6890, 1], [[8878, 12]]]
[[8913, 2], [[8878, 12]]]
[[8915, 2], [[8878, 12]]]
[[2088, 1], [[8878, 12]]]
[[8917, 3], [[8878, 12]]]
[[3582, 1], [[8878, 12], [9332, 12]]]
[[3587, 1], [[8878, 12], [9332, 12]]]
[[8920, 2], [[8878, 12]]]
[[8922, 2], [[8878, 12]]]
[[8924, 2], [[8878, 12]]]
[[2289, 3], [[8878, 12], [8988, 12]]]
[[7800, 1], [[8878, 12]]]
[[3327, 1], [[8878, 12], [9748, 12], [377, 12]]]
[[5182, 3], [[8878, 12]]]
[[8926, 2], [[8878, 12], [9748, 12]]]
[[8928, 2], [[8878, 12], [9748, 12]]]
[[5774, 1], [[8878, 12]]]
[[1961, 1], [[8878, 12], [10973, 12]]]
[[8930, 2], [[8878, 12]]]
[[2303, 4], [[8878, 12], [9168, 12], [9300, 12], [9379, 12], [9473, 12], [9546, 12], [9606, 12], [9818, 12]]]
[[5089, 1], [[8878, 12]]]
[[2710, 3], [[8878, 12], [8988, 12], [9871, 12], [10999, 12]]]
[[8932, 2], [[8878, 12]]]
[[5184, 1], [[8934, 12]]]
[[2363, 2], [[8934, 12]]]
[[77, 1], [[8934, 12], [9018, 12], [9838, 12], [377, 12]]]
[[2026, 1], [[8934, 12], [9277, 12], [9332, 12], [10209, 12], [10865, 12], [11051, 12]]]
[[8412, 2], [[8934, 12]]]
[[7560, 3], [[8934, 12]]]
[[1964, 2], [[8934, 12], [9168, 12], [9784, 12], [10151, 12]]]
[[8946, 3], [[8934, 12]]]
[[2096, 2], [[8934, 12], [9018, 12], [9473, 12], [9784, 12], [9871, 12], [10052, 12]]]
[[63, 1], [[8934, 12]]]
[[7468, 2], [[8934, 12]]]
[[65, 1], [[8934, 12]]]
[[2508, 1], [[8934, 12], [9018, 12], [10209, 12], [10268, 12], [10385, 12]]]
[[4333, 1], [[8934, 12], [9110, 12]]]
[[8949, 2], [[8934, 12]]]
[[2631, 2], [[8934, 12], [9110, 12], [9168, 12], [9300, 12], [9642, 12], [9667, 12], [9712, 12], [9748, 12], [9784, 12], [9818, 12], [9871, 12], [9897, 12], [9975, 12], [10135, 12], [10774, 12], [10865, 12], [11167, 12]]]
[[2276, 1], [[8934, 12], [9168, 12], [9642, 12]]]
[[8951, 4], [[8934, 12]]]
[[7227, 2], [[8934, 12]]]
[[3239, 2], [[8934, 12]]]
[[8955, 2], [[8934, 12]]]
[[6357, 2], [[8934, 12]]]
[[2223, 12], [[8957, 12], [8988, 12], [9168, 12], [9332, 12], [9432, 12], [9606, 12], [9871, 12], [11118, 12]]]
[[8969, 3], [[8957, 12]]]
[[8972, 1], [[8957, 12]]]
[[2103, 1], [[8957, 12], [10492, 12], [10604, 12], [10727, 12]]]
[[8973, 1], [[8957, 12], [10268, 12], [10604, 12]]]
[[7262, 2], [[8957, 12], [9432, 12]]]
[[6397, 3], [[8957, 12], [9432, 12]]]
[[8974, 2], [[8957, 12]]]
[[8976, 2], [[8957, 12]]]
[[4035, 2], [[8957, 12], [10151, 12]]]
[[3758, 2], [[8957, 12]]]
[[7716, 2], [[8957, 12], [10451, 12]]]
[[2290, 2], [[8957, 12]]]
[[54, 1], [[8957, 12], [9300, 12], [9432, 12], [9897, 12], [9975, 12], [10209, 12], [10451, 12], [10865, 12]]]
[[2534, 1], [[8957, 12], [9300, 12], [9897, 12], [10209, 12], [10451, 12], [10865, 12], [10999, 12]]]
[[7571, 3], [[8957, 12]]]
[[2467, 2], [[8957, 12], [9871, 12]]]
[[4426, 2], [[8957, 12], [8988, 12], [9168, 12], [9300, 12], [9379, 12], [9432, 12], [9546, 12], [9667, 12], [9712, 12], [9784, 12], [9818, 12], [9838, 12]]]
[[8978, 3], [[8957, 12]]]
[[2300, 3], [[8957, 12], [8988, 12], [9432, 12], [9606, 12], [9818, 12]]]
[[8981, 3], [[8957, 12], [9712, 12], [9818, 12]]]
[[8984, 4], [[8957, 12]]]
[[4908, 2], [[8957, 12]]]
[[1848, 7], [[8988, 12], [9096, 12], [9277, 12], [9379, 12], [9546, 12], [9642, 12], [9667, 12], [9712, 12], [9748, 12], [9784, 12], [9897, 12], [9975, 12], [10011, 12], [10052, 12], [10101, 12], [10186, 12], [10209, 12], [10298, 12], [10451, 12], [10806, 12], [10853, 12], [10909, 12], [10931, 12], [10973, 12], [10999, 12], [11051, 12], [11074, 12], [377, 12], [11148, 12], [11167, 12]]]
[[6834, 5], [[8988, 12]]]
[[2374, 1], [[8988, 12], [9332, 12], [9473, 12]]]
[[1962, 2], [[8988, 12]]]
[[5382, 2], [[8988, 12]]]
[[9000, 8], [[8988, 12]]]
[[2465, 2], [[8988, 12], [9379, 12], [9642, 12], [9818, 12], [10865, 12]]]
[[4567, 2], [[8988, 12]]]
[[7675, 2], [[8988, 12], [9168, 12]]]
[[9008, 2], [[8988, 12], [9432, 12], [9818, 12]]]
[[9010, 4], [[8988, 12], [10999, 12]]]
[[9014, 2], [[8988, 12]]]
[[9016, 2], [[8988, 12]]]
[[1840, 4], [[9018, 12], [9975, 12], [10806, 12], [10853, 12], [377, 12]]]
[[2565, 5], [[9018, 12], [9546, 12], [9748, 12], [9818, 12], [9975, 12]]]
[[2581, 5], [[9018, 12]]]
[[9030, 4], [[9018, 12]]]
[[1880, 3], [[9018, 12]]]
[[3119, 5], [[9018, 12]]]
[[1904, 8], [[9018, 12], [9818, 12], [10151, 12]]]
[[9034, 9], [[9018, 12]]]
[[9043, 9], [[9018, 12]]]
[[9052, 13], [[9018, 12]]]
[[9065, 5], [[9018, 12]]]
[[9070, 8], [[9018, 12]]]
[[3542, 2], [[9018, 12]]]
[[1898, 1], [[9018, 12], [9110, 12], [9300, 12], [9838, 12], [10011, 12], [10209, 12], [10385, 12]]]
[[79, 2], [[9018, 12], [10135, 12], [10334, 12], [377, 12]]]
[[9078, 2], [[9018, 12]]]
[[9080, 3], [[9018, 12]]]
[[9083, 2], [[9018, 12]]]
[[9085, 3], [[9018, 12]]]
[[9088, 2], [[9018, 12]]]
[[2009, 1], [[9018, 12], [9168, 12], [9332, 12], [10011, 12], [10052, 12], [10806, 12], [10853, 12]]]
[[9090, 4], [[9018, 12]]]
[[9094, 2], [[9018, 12]]]
[[2077, 2], [[9096, 12], [9168, 12], [9818, 12], [10151, 12], [10385, 12], [377, 12]]]
[[9108, 2], [[9096, 12], [9712, 12]]]
[[2431, 2], [[9096, 12], [9712, 12], [377, 12]]]
[[9122, 7], [[9110, 12]]]
[[2235, 2], [[9110, 12], [10186, 12]]]
[[85, 1], [[9110, 12], [10853, 12]]]
[[2250, 1], [[9110, 12], [9712, 12], [9748, 12], [9818, 12], [9838, 12], [10385, 12]]]
[[9129, 2], [[9110, 12]]]
[[2435, 1], [[9110, 12], [9667, 12]]]
[[9131, 2], [[9110, 12]]]
[[9133, 2], [[9110, 12], [9379, 12], [9818, 12]]]
[[2098, 1], [[9110, 12], [10101, 12], [10334, 12], [10451, 12], [10558, 12], [10604, 12], [10682, 12]]]
[[9135, 2], [[9110, 12]]]
[[2119, 2], [[9110, 12], [9818, 12]]]
[[9137, 2], [[9110, 12]]]
[[9139, 2], [[9110, 12]]]
[[9141, 8], [[9110, 12]]]
[[3548, 2], [[9110, 12], [9379, 12], [9818, 12]]]
[[9149, 2], [[9110, 12]]]
[[3949, 1], [[9110, 12]]]
[[9151, 2], [[9110, 12]]]
[[9153, 7], [[9110, 12]]]
[[9160, 2], [[9110, 12]]]
[[9162, 2], [[9110, 12]]]
[[9164, 2], [[9110, 12]]]
[[9166, 2], [[9110, 12]]]
[[9180, 9], [[9168, 12]]]
[[7013, 7], [[9168, 12], [9897, 12], [9975, 12]]]
[[9189, 6], [[9168, 12]]]
[[3, 1], [[9168, 12], [9818, 12]]]
[[2069, 3], [[9168, 12], [9818, 12]]]
[[9195, 4], [[9168, 12]]]
[[4726, 2], [[9168, 12]]]
[[533, 2], [[9168, 12], [9332, 12], [9818, 12], [10011, 12]]]
[[9199, 2], [[9168, 12]]]
[[9201, 11], [[9168, 12]]]
[[7054, 2], [[9168, 12]]]
[[2439, 2], [[9168, 12]]]
[[80, 1], [[9168, 12], [9332, 12], [10101, 12], [10268, 12], [10334, 12], [10558, 12], [10604, 12], [10682, 12], [10727, 12], [11167, 12]]]
[[9212, 2], [[9168, 12]]]
[[1978, 3], [[9168, 12], [9300, 12]]]
[[9214, 2], [[9168, 12]]]
[[7576, 2], [[9168, 12]]]
[[9216, 2], [[9168, 12]]]
[[9218, 4], [[9168, 12]]]
[[2478, 3], [[9168, 12]]]
[[5, 1], [[9168, 12], [9332, 12], [10011, 12], [10052, 12], [10806, 12], [10853, 12]]]
[[2286, 3], [[9168, 12], [9546, 12]]]
[[3287, 4], [[9168, 12], [377, 12]]]
[[2931, 1], [[9168, 12]]]
[[2961, 1], [[9168, 12], [10909, 12]]]
[[9222, 7], [[9168, 12]]]
[[7035, 2], [[9168, 12]]]
[[9229, 2], [[9168, 12]]]
[[9231, 1], [[9168, 12], [10727, 12]]]
[[3298, 2], [[9168, 12], [9332, 12]]]
[[3379, 1], [[9168, 12]]]
[[9232, 2], [[9168, 12]]]
[[9234, 5], [[9168, 12]]]
[[9239, 1], [[9168, 12], [9300, 12]]]
[[2378, 2], [[9168, 12], [9300, 12]]]
[[2473, 1], [[9168, 12], [9379, 12]]]
[[9240, 3], [[9168, 12]]]
[[3624, 1], [[9168, 12], [9332, 12], [9606, 12]]]
[[9243, 4], [[9168, 12]]]
[[9247, 2], [[9168, 12]]]
[[3848, 2], [[9168, 12], [9871, 12]]]
[[4058, 2], [[9168, 12]]]
[[9249, 4], [[9168, 12]]]
[[2471, 2], [[9168, 12], [377, 12]]]
[[9253, 7], [[9168, 12]]]
[[2998, 2], [[9168, 12]]]
[[2142, 2], [[9168, 12], [10268, 12], [10334, 12], [10558, 12], [10604, 12], [10682, 12]]]
[[1935, 2], [[9168, 12], [9871, 12]]]
[[9260, 1], [[9168, 12]]]
[[2628, 2], [[9168, 12]]]
[[9261, 3], [[9168, 12]]]
[[9262, 2], [[9168, 12]]]
[[9264, 2], [[9168, 12]]]
[[9266, 2], [[9168, 12]]]
[[9268, 4], [[9168, 12]]]
[[2347, 2], [[9168, 12], [9784, 12], [9818, 12], [9838, 12], [10135, 12], [10151, 12], [377, 12]]]
[[9272, 3], [[9168, 12]]]
[[4886, 2], [[9168, 12]]]
[[9275, 2], [[9168, 12]]]
[[7285, 2], [[9168, 12], [10727, 12]]]
[[9289, 2], [[9277, 12]]]
[[2033, 1], [[9277, 12]]]
[[4360, 1], [[9277, 12], [10931, 12]]]
[[57, 2], [[9277, 12]]]
[[9291, 2], [[9277, 12]]]
[[9293, 3], [[9277, 12]]]
[[3647, 4], [[9277, 12], [9546, 12], [9897, 12], [10186, 12], [10774, 12], [10806, 12], [10853, 12], [11028, 12]]]
[[9296, 4], [[9277, 12]]]
[[3694, 2], [[9300, 12], [9667, 12], [9748, 12]]]
[[3788, 1], [[9300, 12]]]
[[9312, 2], [[9300, 12]]]
[[1974, 1], [[9300, 12], [9712, 12], [9818, 12], [10451, 12]]]
[[13, 1], [[9300, 12], [9712, 12], [9818, 12], [10451, 12]]]
[[9314, 2], [[9300, 12]]]
[[9316, 2], [[9300, 12]]]
[[3188, 2], [[9300, 12], [11118, 12]]]
[[7058, 2], [[9300, 12]]]
[[9318, 3], [[9300, 12]]]
[[9321, 3], [[9300, 12]]]
[[9324, 4], [[9300, 12]]]
[[9328, 4], [[9300, 12]]]
[[101, 1], [[9300, 12], [9379, 12], [10931, 12]]]
[[3797, 2], [[9300, 12]]]
[[1867, 4], [[9300, 12], [9897, 12], [9975, 12], [10806, 12], [10853, 12], [377, 12]]]
[[7571, 2], [[9300, 12], [9606, 12], [9667, 12], [9712, 12], [9748, 12], [9871, 12], [10078, 12], [10909, 12], [10973, 12]]]
[[2315, 1], [[9300, 12]]]
[[2316, 1], [[9300, 12]]]
[[2388, 4], [[9332, 12], [9818, 12], [9838, 12], [9871, 12]]]
[[2193, 12], [[9332, 12], [9432, 12], [9871, 12], [11118, 12]]]
[[3555, 11], [[9332, 12]]]
[[3528, 12], [[9332, 12], [9871, 12]]]
[[6568, 2], [[9332, 12]]]
[[8686, 1], [[9332, 12]]]
[[9344, 2], [[9332, 12]]]
[[9346, 2], [[9332, 12]]]
[[9348, 1], [[9332, 12]]]
[[7342, 2], [[9332, 12]]]
[[2010, 6], [[9332, 12], [10806, 12], [10853, 12]]]
[[9349, 1], [[9332, 12], [10806, 12], [10853, 12]]]
[[9350, 2], [[9332, 12], [10806, 12], [10853, 12]]]
[[9352, 4], [[9332, 12]]]
[[2003, 4], [[9332, 12]]]
[[9356, 2], [[9332, 12]]]
[[9358, 2], [[9332, 12], [10806, 12], [10853, 12]]]
[[6310, 4], [[9332, 12], [9379, 12]]]
[[9360, 3], [[9332, 12]]]
[[9363, 2], [[9332, 12]]]
[[7416, 2], [[9332, 12], [10052, 12]]]
[[2855, 1], [[9332, 12]]]
[[58, 1], [[9332, 12], [377, 12]]]
[[2963, 1], [[9332, 12], [9748, 12], [377, 12]]]
[[9365, 3], [[9332, 12]]]
[[9368, 3], [[9332, 12]]]
[[3337, 1], [[9332, 12], [10806, 12], [10853, 12], [377, 12]]]
[[9371, 3], [[9332, 12]]]
[[9374, 2], [[9332, 12]]]
[[3154, 1], [[9332, 12]]]
[[9376, 3], [[9332, 12]]]
[[7132, 3], [[9332, 12], [10451, 12], [10806, 12], [10853, 12]]]
[[4029, 1], [[9332, 12]]]
[[8585, 1], [[9332, 12], [9748, 12]]]
[[88, 1], [[9332, 12]]]
[[3462, 2], [[9332, 12]]]
[[6825, 6], [[9379, 12], [10451, 12]]]
[[2645, 7], [[9379, 12], [9712, 12], [10078, 12], [10101, 12], [10806, 12], [10853, 12], [10931, 12], [10973, 12], [11051, 12], [11074, 12], [377, 12], [11148, 12], [11167, 12]]]
[[6541, 6], [[9379, 12], [9712, 12]]]
[[7534, 7], [[9379, 12]]]
[[3705, 11], [[9379, 12]]]
[[9391, 11], [[9379, 12]]]
[[7622, 9], [[9379, 12], [9667, 12], [9712, 12], [9748, 12]]]
[[7541, 19], [[9379, 12]]]
[[6781, 2], [[9379, 12]]]
[[8414, 2], [[9379, 12], [9642, 12]]]
[[3013, 2], [[9379, 12]]]
[[95, 1], [[9379, 12], [10011, 12], [10052, 12], [10451, 12], [10806, 12], [10853, 12], [10931, 12], [11074, 12], [377, 12]]]
[[9402, 2], [[9379, 12]]]
[[4416, 1], [[9379, 12]]]
[[9404, 2], [[9379, 12]]]
[[203, 2], [[9379, 12]]]
[[9406, 2], [[9379, 12]]]
[[2049, 1], [[9379, 12], [9667, 12]]]
[[9408, 4], [[9379, 12]]]
[[9412, 4], [[9379, 12]]]
[[4653, 2], [[9379, 12]]]
[[9416, 2], [[9379, 12]]]
[[9418, 4], [[9379, 12]]]
[[2866, 3], [[9379, 12]]]
[[2499, 3], [[9379, 12]]]
[[9422, 3], [[9379, 12]]]
[[6807, 1], [[9379, 12]]]
[[4590, 2], [[9379, 12]]]
[[9425, 2], [[9379, 12]]]
[[9427, 2], [[9379, 12]]]
[[9429, 3], [[9379, 12]]]
[[7671, 1], [[9379, 12]]]
[[2182, 6], [[9432, 12]]]
[[6244, 12], [[9432, 12]]]
[[9444, 3], [[9432, 12]]]
[[2263, 1], [[9432, 12]]]
[[9447, 3], [[9432, 12]]]
[[9450, 2], [[9432, 12], [11074, 12]]]
[[9452, 4], [[9432, 12]]]
[[9456, 2], [[9432, 12]]]
[[7244, 1], [[9432, 12]]]
[[3925, 2], [[9432, 12]]]
[[2018, 1], [[9432, 12]]]
[[1942, 1], [[9432, 12], [9748, 12], [377, 12]]]
[[9458, 3], [[9432, 12]]]
[[9461, 3], [[9432, 12]]]
[[9464, 5], [[9432, 12]]]
[[3443, 2], [[9432, 12], [9546, 12], [10101, 12], [10806, 12], [10853, 12], [10931, 12], [10999, 12], [11118, 12]]]
[[9469, 2], [[9432, 12], [9712, 12]]]
[[4512, 2], [[9432, 12]]]
[[9471, 2], [[9432, 12], [10806, 12], [10853, 12]]]
[[2515, 2], [[9432, 12], [9748, 12]]]
[[6318, 5], [[9432, 12]]]
[[9485, 9], [[9473, 12]]]
[[2397, 5], [[9473, 12], [9546, 12], [9642, 12], [11028, 12]]]
[[4992, 13], [[9473, 12]]]
[[9494, 15], [[9473, 12]]]
[[9509, 3], [[9473, 12]]]
[[9512, 3], [[9473, 12]]]
[[9515, 2], [[9473, 12]]]
[[9517, 4], [[9473, 12]]]
[[3609, 2], [[9473, 12]]]
[[1885, 1], [[9473, 12]]]
[[9521, 4], [[9473, 12]]]
[[7445, 2], [[9473, 12], [9712, 12], [9748, 12]]]
[[9525, 3], [[9473, 12]]]
[[4312, 2], [[9473, 12], [9667, 12], [9897, 12], [9975, 12]]]
[[3499, 2], [[9473, 12], [9748, 12]]]
[[9528, 1], [[9473, 12], [9871, 12], [10011, 12]]]
[[3146, 2], [[9473, 12]]]
[[7283, 2], [[9473, 12]]]
[[6263, 3], [[9473, 12]]]
[[9529, 3], [[9473, 12]]]
[[9532, 2], [[9473, 12]]]
[[2909, 2], [[9473, 12]]]
[[9534, 2], [[9473, 12]]]
[[9536, 1], [[9473, 12]]]
[[9537, 2], [[9473, 12]]]
[[9539, 7], [[9473, 12]]]
[[9558, 8], [[9546, 12], [9642, 12]]]
[[9566, 9], [[9546, 12]]]
[[9575, 4], [[9546, 12]]]
[[1948, 1], [[9546, 12], [9818, 12], [10268, 12], [10334, 12], [10492, 12], [10909, 12]]]
[[6872, 2], [[9546, 12]]]
[[9579, 2], [[9546, 12]]]
[[8554, 5], [[9546, 12]]]
[[9581, 4], [[9546, 12]]]
[[3413, 1], [[9546, 12]]]
[[2174, 2], [[9546, 12]]]
[[9585, 2], [[9546, 12]]]
[[4537, 2], [[9546, 12]]]
[[9587, 2], [[9546, 12]]]
[[9589, 2], [[9546, 12]]]
[[3494, 2], [[9546, 12]]]
[[3004, 2], [[9546, 12]]]
[[9591, 4], [[9546, 12]]]
[[9595, 4], [[9546, 12]]]
[[9599, 3], [[9546, 12]]]
[[3450, 2], [[9546, 12]]]
[[9602, 2], [[9546, 12]]]
[[9604, 2], [[9546, 12]]]
[[92, 1], [[9546, 12], [10078, 12], [10451, 12], [11074, 12]]]
[[3167, 2], [[9546, 12], [9838, 12], [10385, 12], [10973, 12], [377, 12], [11167, 12]]]
[[6239, 5], [[9606, 12], [10451, 12]]]
[[8627, 16], [[9606, 12]]]
[[3705, 16], [[9606, 12]]]
[[3855, 12], [[9606, 12]]]
[[9618, 2], [[9606, 12]]]
[[9620, 4], [[9606, 12]]]
[[3351, 1], [[9606, 12]]]
[[3352, 1], [[9606, 12]]]
[[1922, 2], [[9606, 12], [10931, 12], [11074, 12], [11167, 12]]]
[[9624, 3], [[9606, 12]]]
[[101, 2], [[9606, 12], [11148, 12]]]
[[2295, 3], [[9606, 12], [9667, 12], [9897, 12], [10806, 12], [10853, 12]]]
[[9627, 2], [[9606, 12]]]
[[8607, 2], [[9606, 12], [9712, 12]]]
[[2312, 3], [[9606, 12], [9712, 12], [9748, 12], [9897, 12], [9975, 12], [10385, 12]]]
[[3000, 2], [[9606, 12], [10909, 12], [10973, 12]]]
[[9629, 4], [[9606, 12]]]
[[9633, 2], [[9606, 12]]]
[[3329, 1], [[9606, 12]]]
[[9635, 2], [[9606, 12]]]
[[9637, 2], [[9606, 12], [9748, 12]]]
[[6369, 2], [[9606, 12], [10209, 12]]]
[[5972, 3], [[9606, 12], [10385, 12]]]
[[6433, 2], [[9606, 12]]]
[[9639, 3], [[9606, 12]]]
[[4267, 6], [[9642, 12], [10931, 12]]]
[[2412, 5], [[9642, 12]]]
[[9654, 2], [[9642, 12]]]
[[9656, 1], [[9642, 12]]]
[[9657, 2], [[9642, 12]]]
[[5173, 2], [[9642, 12]]]
[[3952, 2], [[9642, 12], [9871, 12], [10209, 12], [10385, 12], [10865, 12], [11051, 12]]]
[[6732, 2], [[9642, 12]]]
[[2433, 2], [[9642, 12], [9667, 12], [9748, 12], [10385, 12], [10492, 12], [10558, 12], [10727, 12]]]
[[9659, 2], [[9642, 12]]]
[[9661, 2], [[9642, 12]]]
[[9663, 4], [[9642, 12]]]
[[7412, 2], [[9642, 12]]]
[[2020, 1], [[9642, 12]]]
[[4863, 6], [[9667, 12], [10078, 12]]]
[[7598, 9], [[9667, 12], [9712, 12], [9748, 12]]]
[[7607, 5], [[9667, 12]]]
[[9679, 5], [[9667, 12], [9712, 12], [9748, 12]]]
[[7612, 10], [[9667, 12], [9712, 12], [9748, 12]]]
[[2475, 7], [[9667, 12], [9748, 12]]]
[[9684, 7], [[9667, 12]]]
[[9691, 2], [[9667, 12]]]
[[607, 2], [[9667, 12]]]
[[9693, 3], [[9667, 12]]]
[[4720, 2], [[9667, 12], [10011, 12]]]
[[4501, 4], [[9667, 12]]]
[[9696, 1], [[9667, 12]]]
[[3296, 2], [[9667, 12], [377, 12]]]
[[9697, 2], [[9667, 12]]]
[[3600, 3], [[9667, 12]]]
[[9699, 6], [[9667, 12]]]
[[9705, 3], [[9667, 12]]]
[[2619, 1], [[9667, 12], [10011, 12]]]
[[4420, 3], [[9667, 12]]]
[[4423, 3], [[9667, 12]]]
[[3287, 1], [[9667, 12]]]
[[4314, 1], [[9667, 12], [9897, 12], [9975, 12]]]
[[9708, 4], [[9667, 12]]]
[[2593, 6], [[9712, 12]]]
[[4252, 2], [[9712, 12], [9748, 12]]]
[[3373, 1], [[9712, 12], [9748, 12]]]
[[9724, 2], [[9712, 12], [9748, 12]]]
[[200, 2], [[9712, 12], [9748, 12], [9784, 12]]]
[[9726, 2], [[9712, 12]]]
[[8374, 2], [[9712, 12]]]
[[9728, 2], [[9712, 12]]]
[[9730, 2], [[9712, 12]]]
[[2131, 2], [[9712, 12], [9748, 12]]]
[[9732, 2], [[9712, 12]]]
[[9734, 2], [[9712, 12]]]
[[9736, 2], [[9712, 12]]]
[[9738, 2], [[9712, 12]]]
[[9740, 2], [[9712, 12]]]
[[9742, 2], [[9712, 12]]]
[[2083, 1], [[9712, 12]]]
[[3770, 4], [[9712, 12]]]
[[9744, 4], [[9712, 12]]]
[[4124, 4], [[9748, 12]]]
[[3742, 2], [[9748, 12], [10209, 12]]]
[[9760, 2], [[9748, 12]]]
[[9762, 2], [[9748, 12]]]
[[4069, 1], [[9748, 12]]]
[[9764, 2], [[9748, 12]]]
[[7331, 2], [[9748, 12]]]
[[9766, 1], [[9748, 12]]]
[[9767, 2], [[9748, 12]]]
[[7089, 1], [[9748, 12]]]
[[4307, 3], [[9748, 12]]]
[[7674, 1], [[9748, 12]]]
[[9769, 4], [[9748, 12]]]
[[6023, 2], [[9748, 12]]]
[[9773, 2], [[9748, 12]]]
[[4203, 2], [[9748, 12]]]
[[9775, 2], [[9748, 12]]]
[[9777, 1], [[9748, 12]]]
[[9778, 2], [[9748, 12]]]
[[9780, 2], [[9748, 12]]]
[[9782, 2], [[9748, 12]]]
[[4979, 9], [[9784, 12]]]
[[48, 1], [[9784, 12]]]
[[9796, 2], [[9784, 12]]]
[[9798, 3], [[9784, 12]]]
[[2437, 1], [[9784, 12]]]
[[9801, 2], [[9784, 12]]]
[[3228, 1], [[9784, 12]]]
[[6173, 2], [[9784, 12]]]
[[5010, 2], [[9784, 12], [11074, 12], [11167, 12]]]
[[3445, 3], [[9784, 12], [11167, 12]]]
[[2907, 2], [[9784, 12]]]
[[9803, 2], [[9784, 12], [10385, 12], [10451, 12]]]
[[7410, 2], [[9784, 12]]]
[[9805, 5], [[9784, 12]]]
[[7480, 3], [[9784, 12]]]
[[1936, 1], [[9784, 12]]]
[[9810, 2], [[9784, 12]]]
[[9812, 4], [[9784, 12]]]
[[9816, 2], [[9784, 12]]]
[[2149, 8], [[9818, 12], [10451, 12]]]
[[3655, 9], [[9818, 12], [9838, 12]]]
[[6554, 5], [[9818, 12], [10931, 12]]]
[[5945, 3], [[9818, 12]]]
[[2553, 2], [[9818, 12], [9838, 12]]]
[[9830, 2], [[9818, 12]]]
[[9832, 2], [[9818, 12]]]
[[9834, 2], [[9818, 12]]]
[[3338, 4], [[9818, 12], [377, 12]]]
[[9836, 2], [[9818, 12]]]
[[7337, 2], [[9818, 12]]]
[[2586, 7], [[9838, 12], [10151, 12], [11074, 12]]]
[[247, 2], [[9838, 12]]]
[[6215, 2], [[9838, 12]]]
[[9850, 3], [[9838, 12]]]
[[3435, 2], [[9838, 12]]]
[[9853, 3], [[9838, 12]]]
[[3948, 3], [[9838, 12]]]
[[9856, 3], [[9838, 12]]]
[[9859, 2], [[9838, 12]]]
[[9861, 3], [[9838, 12], [10580, 12]]]
[[5126, 2], [[9838, 12]]]
[[2372, 2], [[9838, 12]]]
[[9864, 2], [[9838, 12]]]
[[9866, 3], [[9838, 12]]]
[[9869, 2], [[9838, 12]]]
[[2509, 1], [[9838, 12]]]
[[2188, 5], [[9871, 12]]]
[[6145, 7], [[9871, 12]]]
[[3508, 13], [[9871, 12], [11118, 12]]]
[[6152, 7], [[9871, 12]]]
[[2253, 1], [[9871, 12], [10268, 12], [10334, 12], [10492, 12], [10558, 12], [10604, 12], [10682, 12], [10727, 12]]]
[[1960, 1], [[9871, 12], [10268, 12], [10334, 12], [10492, 12], [10558, 12], [10604, 12], [10682, 12], [10727, 12]]]
[[7238, 2], [[9871, 12], [10101, 12]]]
[[9883, 2], [[9871, 12]]]
[[9885, 1], [[9871, 12]]]
[[1935, 1], [[9871, 12], [9897, 12], [9975, 12], [10385, 12]]]
[[3181, 2], [[9871, 12]]]
[[5586, 3], [[9871, 12], [10101, 12], [10151, 12], [10999, 12]]]
[[9886, 4], [[9871, 12]]]
[[9890, 2], [[9871, 12]]]
[[9892, 2], [[9871, 12]]]
[[3644, 3], [[9871, 12]]]
[[2370, 2], [[9871, 12]]]
[[9894, 3], [[9871, 12]]]
[[854, 2], [[9871, 12]]]
[[3904, 3], [[9897, 12]]]
[[2659, 5], [[9897, 12], [9975, 12], [10806, 12], [10853, 12], [10931, 12]]]
[[2787, 7], [[9897, 12], [9975, 12], [11074, 12]]]
[[9909, 7], [[9897, 12]]]
[[9916, 6], [[9897, 12], [9975, 12]]]
[[2334, 5], [[9897, 12], [9975, 12]]]
[[3257, 6], [[9897, 12], [9975, 12], [10806, 12], [10853, 12], [10931, 12], [11074, 12], [377, 12]]]
[[3347, 4], [[9897, 12], [9975, 12], [10909, 12], [10973, 12], [11051, 12], [11148, 12], [11167, 12]]]
[[2599, 4], [[9897, 12]]]
[[6834, 10], [[9897, 12], [10451, 12], [10931, 12]]]
[[9922, 4], [[9897, 12], [9975, 12]]]
[[9926, 1], [[9897, 12], [9975, 12]]]
[[9927, 3], [[9897, 12], [9975, 12]]]
[[9930, 3], [[9897, 12], [9975, 12], [11148, 12]]]
[[9933, 4], [[9897, 12], [9975, 12]]]
[[9937, 2], [[9897, 12]]]
[[3396, 1], [[9897, 12], [9975, 12]]]
[[2471, 1], [[9897, 12], [9975, 12]]]
[[3585, 2], [[9897, 12], [9975, 12]]]
[[4455, 2], [[9897, 12], [9975, 12]]]
[[9939, 4], [[9897, 12], [9975, 12]]]
[[9943, 2], [[9897, 12], [9975, 12]]]
[[6497, 1], [[9897, 12], [9975, 12]]]
[[9945, 2], [[9897, 12], [9975, 12]]]
[[9947, 5], [[9897, 12]]]
[[9952, 7], [[9897, 12]]]
[[9959, 3], [[9897, 12]]]
[[9962, 4], [[9897, 12], [9975, 12]]]
[[2781, 3], [[9897, 12], [9975, 12]]]
[[128, 1], [[9897, 12]]]
[[9966, 9], [[9897, 12], [9975, 12]]]
[[2590, 3], [[9975, 12], [10806, 12], [10853, 12], [10931, 12], [377, 12]]]
[[9987, 4], [[9975, 12]]]
[[3281, 2], [[9975, 12], [377, 12]]]
[[3225, 1], [[9975, 12], [377, 12]]]
[[2957, 3], [[9975, 12], [10385, 12]]]
[[2266, 1], [[9975, 12], [10011, 12], [10806, 12], [10853, 12], [10909, 12], [10973, 12]]]
[[9991, 2], [[9975, 12], [10909, 12]]]
[[9947, 4], [[9975, 12]]]
[[9993, 4], [[9975, 12]]]
[[9997, 2], [[9975, 12]]]
[[9999, 5], [[9975, 12], [10268, 12], [10334, 12], [10492, 12], [10558, 12], [10604, 12], [10682, 12], [10727, 12]]]
[[10004, 5], [[9975, 12]]]
[[10009, 2], [[9975, 12]]]
[[4319, 3], [[9975, 12], [10011, 12], [10135, 12]]]
[[87, 1], [[9975, 12]]]
[[2483, 6], [[10011, 12], [10052, 12]]]
[[1932, 2], [[10011, 12], [10052, 12], [10298, 12], [10415, 12], [10774, 12]]]
[[2489, 4], [[10011, 12], [10052, 12]]]
[[2493, 3], [[10011, 12], [10052, 12]]]
[[10023, 2], [[10011, 12]]]
[[86, 1], [[10011, 12], [10052, 12]]]
[[10025, 4], [[10011, 12]]]
[[4881, 1], [[10011, 12]]]
[[3807, 3], [[10011, 12]]]
[[10029, 2], [[10011, 12]]]
[[10031, 1], [[10011, 12]]]
[[10032, 2], [[10011, 12]]]
[[10034, 3], [[10011, 12]]]
[[10037, 2], [[10011, 12]]]
[[2500, 2], [[10011, 12]]]
[[10039, 2], [[10011, 12]]]
[[10041, 3], [[10011, 12]]]
[[3653, 2], [[10011, 12]]]
[[10044, 1], [[10011, 12]]]
[[10045, 2], [[10011, 12]]]
[[7319, 1], [[10011, 12]]]
[[12, 2], [[10011, 12]]]
[[283, 2], [[10011, 12]]]
[[15, 1], [[10011, 12]]]
[[2530, 1], [[10011, 12], [10052, 12], [11051, 12]]]
[[2531, 2], [[10011, 12], [10052, 12]]]
[[2534, 3], [[10011, 12], [10052, 12]]]
[[2041, 4], [[10011, 12], [10052, 12]]]
[[2537, 5], [[10011, 12], [10052, 12], [10451, 12], [10806, 12], [10853, 12], [10931, 12], [11074, 12], [377, 12]]]
[[2542, 3], [[10011, 12], [10052, 12], [10451, 12], [10806, 12], [10853, 12], [10931, 12], [11074, 12], [377, 12]]]
[[2188, 3], [[10011, 12], [10052, 12], [10451, 12], [10806, 12], [10853, 12], [10931, 12], [11074, 12], [377, 12]]]
[[2545, 2], [[10011, 12], [10052, 12], [10451, 12], [10806, 12], [10853, 12], [10931, 12], [11074, 12], [377, 12]]]
[[2543, 1], [[10011, 12], [10052, 12], [10451, 12], [10806, 12], [10853, 12], [10931, 12], [11074, 12], [377, 12]]]
[[330, 2], [[10011, 12]]]
[[10047, 5], [[10011, 12]]]
[[3735, 2], [[10052, 12]]]
[[3393, 2], [[10052, 12], [10135, 12]]]
[[10064, 3], [[10052, 12], [11148, 12]]]
[[3098, 1], [[10052, 12]]]
[[10067, 2], [[10052, 12]]]
[[7153, 2], [[10052, 12], [10806, 12], [10853, 12], [11118, 12]]]
[[10069, 2], [[10052, 12]]]
[[10071, 1], [[10052, 12]]]
[[10072, 2], [[10052, 12]]]
[[3846, 2], [[10052, 12]]]
[[10074, 4], [[10052, 12]]]
[[2135, 2], [[10078, 12]]]
[[10090, 2], [[10078, 12]]]
[[3171, 2], [[10078, 12]]]
[[10092, 1], [[10078, 12]]]
[[10093, 4], [[10078, 12]]]
[[10097, 4], [[10078, 12]]]
[[2166, 1], [[10078, 12]]]
[[3942, 2], [[10078, 12]]]
[[1855, 1], [[10078, 12], [11148, 12]]]
[[3629, 2], [[10078, 12]]]
[[2193, 5], [[10101, 12], [10451, 12], [10806, 12], [10853, 12], [10931, 12], [377, 12]]]
[[2334, 10], [[10101, 12], [10806, 12], [10853, 12], [11074, 12], [377, 12]]]
[[2946, 2], [[10101, 12]]]
[[10113, 3], [[10101, 12], [10999, 12]]]
[[10116, 2], [[10101, 12]]]
[[10118, 3], [[10101, 12]]]
[[8381, 1], [[10101, 12]]]
[[3722, 1], [[10101, 12]]]
[[8554, 2], [[10101, 12]]]
[[10121, 2], [[10101, 12], [11167, 12]]]
[[10123, 3], [[10101, 12], [10806, 12], [10853, 12]]]
[[5708, 1], [[10101, 12], [10865, 12]]]
[[10126, 3], [[10101, 12]]]
[[10129, 2], [[10101, 12]]]
[[2510, 1], [[10101, 12]]]
[[3579, 3], [[10101, 12], [10973, 12]]]
[[10131, 4], [[10101, 12]]]
[[1863, 4], [[10135, 12], [377, 12]]]
[[10147, 4], [[10135, 12], [10451, 12]]]
[[2358, 1], [[10135, 12], [10209, 12], [10865, 12]]]
[[4167, 12], [[10151, 12]]]
[[1896, 5], [[10151, 12], [10580, 12], [10786, 12], [10909, 12], [10973, 12], [11051, 12], [11148, 12], [11167, 12]]]
[[2686, 3], [[10151, 12], [10580, 12], [10786, 12]]]
[[10163, 7], [[10151, 12]]]
[[10170, 7], [[10151, 12]]]
[[3897, 2], [[10151, 12]]]
[[7060, 3], [[10151, 12]]]
[[10177, 4], [[10151, 12], [10806, 12], [10853, 12]]]
[[4303, 1], [[10151, 12]]]
[[10181, 2], [[10151, 12]]]
[[6284, 4], [[10151, 12], [10385, 12]]]
[[10183, 1], [[10151, 12]]]
[[10184, 2], [[10151, 12]]]
[[2408, 2], [[10151, 12]]]
[[1907, 1], [[10151, 12], [11028, 12]]]
[[330, 3], [[10151, 12]]]
[[10198, 3], [[10186, 12]]]
[[10201, 6], [[10186, 12]]]
[[2254, 4], [[10186, 12]]]
[[10207, 2], [[10186, 12]]]
[[4049, 4], [[10186, 12]]]
[[10221, 7], [[10209, 12]]]
[[10228, 13], [[10209, 12]]]
[[10241, 12], [[10209, 12]]]
[[8549, 2], [[10209, 12], [10865, 12], [11051, 12]]]
[[10253, 4], [[10209, 12]]]
[[4348, 4], [[10209, 12], [10865, 12], [10909, 12]]]
[[282, 2], [[10209, 12]]]
[[10257, 1], [[10209, 12]]]
[[8416, 6], [[10209, 12]]]
[[10258, 3], [[10209, 12]]]
[[1937, 2], [[10209, 12]]]
[[4189, 2], [[10209, 12]]]
[[10261, 3], [[10209, 12]]]
[[10264, 2], [[10209, 12]]]
[[10266, 2], [[10209, 12]]]
[[1985, 1], [[10209, 12], [10999, 12]]]
[[10280, 4], [[10268, 12], [10334, 12]]]
[[10284, 2], [[10268, 12]]]
[[10286, 2], [[10268, 12]]]
[[10288, 2], [[10268, 12]]]
[[10290, 8], [[10268, 12]]]
[[3185, 1], [[10268, 12]]]
[[3414, 1], [[10268, 12], [10334, 12], [10492, 12], [10558, 12], [10604, 12], [10682, 12], [10727, 12]]]
[[3426, 1], [[10268, 12], [10334, 12], [10492, 12], [10558, 12], [10604, 12], [10682, 12], [10727, 12]]]
[[4386, 2], [[10268, 12], [10604, 12], [11148, 12]]]
[[5540, 1], [[10268, 12], [10558, 12], [10727, 12]]]
[[2293, 1], [[10268, 12], [10334, 12], [10558, 12], [10604, 12], [10682, 12], [10727, 12]]]
[[1883, 6], [[10298, 12]]]
[[10310, 7], [[10298, 12]]]
[[10317, 4], [[10298, 12]]]
[[10321, 2], [[10298, 12]]]
[[8382, 1], [[10298, 12]]]
[[10323, 4], [[10298, 12]]]
[[10327, 3], [[10298, 12]]]
[[10330, 4], [[10298, 12], [10415, 12], [11118, 12]]]
[[10346, 11], [[10334, 12]]]
[[10357, 5], [[10334, 12]]]
[[4559, 4], [[10334, 12]]]
[[10362, 12], [[10334, 12]]]
[[10374, 2], [[10334, 12]]]
[[10376, 4], [[10334, 12]]]
[[6734, 2], [[10334, 12]]]
[[59, 1], [[10334, 12]]]
[[10380, 2], [[10334, 12]]]
[[10382, 2], [[10334, 12]]]
[[10384, 1], [[10334, 12], [10492, 12]]]
[[4285, 3], [[10385, 12]]]
[[2251, 2], [[10385, 12], [10999, 12]]]
[[10397, 9], [[10385, 12]]]
[[10406, 4], [[10385, 12]]]
[[6727, 1], [[10385, 12], [10682, 12]]]
[[4340, 2], [[10385, 12]]]
[[3360, 1], [[10385, 12]]]
[[3273, 2], [[10385, 12]]]
[[10410, 2], [[10385, 12]]]
[[8687, 1], [[10385, 12]]]
[[5219, 1], [[10385, 12]]]
[[10412, 1], [[10385, 12]]]
[[10413, 2], [[10385, 12]]]
[[3344, 2], [[10385, 12]]]
[[10427, 3], [[10415, 12]]]
[[10430, 2], [[10415, 12]]]
[[8300, 2], [[10415, 12]]]
[[8302, 2], [[10415, 12]]]
[[4209, 2], [[10415, 12]]]
[[10432, 4], [[10415, 12]]]
[[10436, 4], [[10415, 12]]]
[[10440, 2], [[10415, 12], [11028, 12]]]
[[10442, 2], [[10415, 12]]]
[[10444, 7], [[10415, 12]]]
[[7076, 2], [[10415, 12]]]
[[2674, 4], [[10451, 12], [10806, 12], [10853, 12], [10909, 12], [10973, 12], [11051, 12], [377, 12], [11148, 12], [11167, 12]]]
[[2245, 4], [[10451, 12]]]
[[10463, 6], [[10451, 12]]]
[[6754, 6], [[10451, 12]]]
[[10469, 9], [[10451, 12], [10931, 12]]]
[[2674, 5], [[10451, 12]]]
[[2157, 7], [[10451, 12]]]
[[7830, 8], [[10451, 12]]]
[[10478, 6], [[10451, 12]]]
[[10484, 2], [[10451, 12]]]
[[10486, 4], [[10451, 12]]]
[[2447, 3], [[10451, 12]]]
[[2354, 2], [[10451, 12]]]
[[8613, 2], [[10451, 12]]]
[[10490, 2], [[10451, 12]]]
[[10504, 26], [[10492, 12]]]
[[10530, 19], [[10492, 12]]]
[[10549, 7], [[10492, 12]]]
[[3234, 2], [[10492, 12], [10727, 12]]]
[[10556, 2], [[10492, 12], [10727, 12]]]
[[2870, 4], [[10558, 12], [10806, 12], [10853, 12], [377, 12]]]
[[6660, 17], [[10558, 12]]]
[[10570, 10], [[10558, 12]]]
[[6261, 1], [[10558, 12], [10682, 12]]]
[[3032, 5], [[10580, 12], [10786, 12]]]
[[3037, 7], [[10580, 12], [10786, 12]]]
[[3044, 10], [[10580, 12], [10786, 12]]]
[[3054, 14], [[10580, 12], [10786, 12]]]
[[3068, 14], [[10580, 12], [10786, 12]]]
[[3082, 11], [[10580, 12], [10786, 12]]]
[[10592, 5], [[10580, 12]]]
[[10597, 2], [[10580, 12]]]
[[2992, 4], [[10580, 12]]]
[[10599, 2], [[10580, 12]]]
[[10601, 3], [[10580, 12]]]
[[10616, 39], [[10604, 12]]]
[[10655, 22], [[10604, 12]]]
[[10677, 5], [[10604, 12]]]
[[10694, 5], [[10682, 12]]]
[[10699, 18], [[10682, 12]]]
[[10717, 2], [[10682, 12]]]
[[10719, 2], [[10682, 12]]]
[[1860, 2], [[10682, 12]]]
[[10721, 2], [[10682, 12]]]
[[10723, 4], [[10682, 12]]]
[[10739, 19], [[10727, 12]]]
[[10758, 14], [[10727, 12]]]
[[2923, 1], [[10727, 12]]]
[[10772, 2], [[10727, 12]]]
[[6427, 3], [[10727, 12]]]
[[5173, 3], [[10727, 12]]]
[[3799, 2], [[10727, 12]]]
[[3965, 1], [[10727, 12], [11148, 12]]]
[[5097, 18], [[10774, 12]]]
[[4008, 2], [[10774, 12]]]
[[3188, 3], [[10774, 12], [10865, 12], [10999, 12], [8852, 12], [8934, 12], [8957, 12], [8988, 12], [9110, 12], [9332, 12], [9546, 12], [9606, 12], [9642, 12], [9748, 12], [9784, 12], [9818, 12], [9838, 12], [9871, 12], [9897, 12], [9975, 12], [10011, 12], [10151, 12], [10209, 12], [10334, 12], [10385, 12], [10451, 12], [10558, 12], [10604, 12], [10682, 12], [10727, 12], [10931, 12], [10973, 12], [11051, 12], [11074, 12], [377, 12]]]
[[3395, 2], [[10774, 12]]]
[[10798, 5], [[10786, 12]]]
[[10803, 1], [[10786, 12]]]
[[10804, 2], [[10786, 12]]]
[[2198, 7], [[10806, 12], [10853, 12], [10931, 12], [377, 12]]]
[[2744, 6], [[10806, 12], [10853, 12], [377, 12]]]
[[2878, 4], [[10806, 12], [10853, 12], [377, 12]]]
[[3263, 8], [[10806, 12], [10853, 12], [377, 12]]]
[[10818, 6], [[10806, 12], [10853, 12]]]
[[2032, 1], [[10806, 12], [10853, 12]]]
[[10824, 2], [[10806, 12], [10853, 12]]]
[[6355, 1], [[10806, 12], [10853, 12]]]
[[10826, 2], [[10806, 12], [10853, 12]]]
[[10828, 2], [[10806, 12], [10853, 12]]]
[[10830, 3], [[10806, 12], [10853, 12]]]
[[10833, 2], [[10806, 12], [10853, 12]]]
[[10835, 5], [[10806, 12], [10853, 12]]]
[[10840, 4], [[10806, 12], [10853, 12]]]
[[10844, 2], [[10806, 12], [10853, 12]]]
[[4197, 1], [[10806, 12], [10853, 12]]]
[[10846, 2], [[10806, 12], [10853, 12]]]
[[4289, 2], [[10806, 12], [10853, 12]]]
[[7804, 2], [[10806, 12], [10853, 12]]]
[[2853, 2], [[10806, 12], [10853, 12]]]
[[10848, 5], [[10806, 12], [10853, 12]]]
[[3344, 3], [[10806, 12], [10853, 12], [377, 12]]]
[[10877, 2], [[10865, 12]]]
[[4334, 4], [[10865, 12], [10999, 12]]]
[[10879, 4], [[10865, 12]]]
[[10883, 2], [[10865, 12]]]
[[9521, 2], [[10865, 12]]]
[[4529, 1], [[10865, 12]]]
[[10885, 3], [[10865, 12]]]
[[2130, 1], [[10865, 12]]]
[[10888, 2], [[10865, 12]]]
[[10890, 3], [[10865, 12], [11074, 12]]]
[[2128, 3], [[10865, 12]]]
[[10893, 4], [[10865, 12]]]
[[10848, 4], [[10865, 12]]]
[[10897, 2], [[10865, 12]]]
[[10899, 2], [[10865, 12]]]
[[10901, 2], [[10865, 12]]]
[[10903, 4], [[10865, 12]]]
[[10907, 2], [[10865, 12]]]
[[10921, 2], [[10909, 12]]]
[[9867, 2], [[10909, 12]]]
[[10923, 4], [[10909, 12]]]
[[10927, 4], [[10909, 12]]]
[[2228, 7], [[10931, 12]]]
[[2652, 7], [[10931, 12]]]
[[6760, 12], [[10931, 12], [11074, 12]]]
[[6999, 8], [[10931, 12]]]
[[1863, 1], [[10931, 12]]]
[[10943, 4], [[10931, 12]]]
[[10947, 3], [[10931, 12]]]
[[10950, 3], [[10931, 12]]]
[[4453, 2], [[10931, 12]]]
[[10953, 7], [[10931, 12]]]
[[10960, 2], [[10931, 12]]]
[[10962, 3], [[10931, 12]]]
[[10965, 4], [[10931, 12]]]
[[10969, 4], [[10931, 12]]]
[[7576, 1], [[10973, 12]]]
[[10985, 2], [[10973, 12]]]
[[10987, 3], [[10973, 12]]]
[[2937, 4], [[10973, 12]]]
[[10990, 3], [[10973, 12]]]
[[4068, 1], [[10973, 12]]]
[[10993, 2], [[10973, 12]]]
[[10995, 4], [[10973, 12]]]
[[4988, 4], [[10999, 12]]]
[[2264, 4], [[10999, 12]]]
[[4596, 2], [[10999, 12]]]
[[11011, 2], [[10999, 12]]]
[[11013, 2], [[10999, 12]]]
[[11015, 2], [[10999, 12]]]
[[11017, 2], [[10999, 12]]]
[[11019, 2], [[10999, 12]]]
[[9535, 1], [[10999, 12]]]
[[11021, 2], [[10999, 12]]]
[[2724, 2], [[10999, 12]]]
[[11023, 2], [[10999, 12]]]
[[11025, 3], [[10999, 12]]]
[[11040, 7], [[11028, 12]]]
[[3957, 2], [[11028, 12], [11051, 12], [11148, 12], [11167, 12]]]
[[11047, 4], [[11028, 12]]]
[[2374, 3], [[11028, 12]]]
[[11063, 2], [[11051, 12]]]
[[11065, 2], [[11051, 12]]]
[[1896, 1], [[11051, 12]]]
[[11067, 7], [[11051, 12]]]
[[2718, 4], [[11051, 12], [377, 12]]]
[[3374, 1], [[11051, 12]]]
[[7672, 2], [[11051, 12]]]
[[6831, 3], [[11074, 12]]]
[[2664, 10], [[11074, 12]]]
[[7007, 6], [[11074, 12]]]
[[7020, 10], [[11074, 12]]]
[[11086, 8], [[11074, 12]]]
[[114, 2], [[11074, 12]]]
[[11094, 5], [[11074, 12]]]
[[11099, 3], [[11074, 12]]]
[[74, 2], [[11074, 12]]]
[[11102, 2], [[11074, 12]]]
[[6410, 2], [[11074, 12]]]
[[11104, 8], [[11074, 12]]]
[[11112, 3], [[11074, 12]]]
[[2180, 2], [[11074, 12]]]
[[11115, 3], [[11074, 12]]]
[[6810, 3], [[11074, 12]]]
[[3271, 6], [[377, 12]]]
[[3277, 4], [[377, 12]]]
[[3283, 4], [[377, 12]]]
[[3291, 3], [[377, 12]]]
[[3294, 2], [[377, 12]]]
[[3228, 2], [[377, 12]]]
[[3298, 4], [[377, 12]]]
[[3302, 2], [[377, 12]]]
[[3304, 2], [[377, 12]]]
[[3308, 5], [[377, 12]]]
[[3313, 6], [[377, 12]]]
[[3319, 6], [[377, 12]]]
[[3328, 2], [[377, 12]]]
[[3332, 3], [[377, 12]]]
[[3342, 2], [[377, 12]]]
[[1023, 2], [[377, 12]]]
[[11130, 9], [[11118, 12]]]
[[3911, 12], [[11118, 12]]]
[[3810, 20], [[11118, 12]]]
[[2907, 1], [[11118, 12]]]
[[11139, 2], [[11118, 12]]]
[[5029, 2], [[11118, 12]]]
[[7806, 2], [[11118, 12]]]
[[11141, 2], [[11118, 12]]]
[[11143, 2], [[11118, 12]]]
[[11145, 3], [[11118, 12]]]
[[9474, 3], [[11148, 12]]]
[[7324, 2], [[11148, 12]]]
[[11160, 3], [[11148, 12]]]
[[1786, 1], [[11148, 12]]]
[[4, 1], [[11148, 12]]]
[[2076, 1], [[11148, 12]]]
[[11163, 2], [[11148, 12]]]
[[2720, 2], [[11148, 12]]]
[[11165, 2], [[11148, 12]]]
[[11179, 2], [[11167, 12]]]
[[89, 1], [[11167, 12]]]
[[11181, 2], [[11167, 12]]]
[[2496, 3], [[11167, 12]]]
[[6620, 2], [[11167, 12]]]
[[6195, 2], [[11167, 12]]]
[[11183, 2], [[11167, 12]]]
[[11185, 2], [[11167, 12]]]
[[5561, 4], [[8816, 12], [8852, 12], [8988, 12], [9110, 12], [9784, 12], [9818, 12], [9838, 12], [10011, 12], [10135, 12], [10385, 12], [10865, 12], [11167, 12]]]
[[5561, 10], [[8816, 12], [8852, 12], [8988, 12], [9110, 12], [9784, 12], [9818, 12], [9838, 12], [10011, 12], [10135, 12], [10385, 12], [10865, 12], [11167, 12]]]
[[1794, 37], [[11187, 14], [11233, 14], [11257, 13]]]
[[1825, 6], [[11187, 14], [11233, 14], [11257, 13]]]
[[11270, 10], [[10268, 12], [10334, 12], [10492, 12], [10558, 12], [10604, 12], [10682, 12], [10727, 12]]]
[[11270, 3], [[10268, 12], [10334, 12], [10492, 12], [10558, 12], [10604, 12], [10682, 12], [10727, 12]]]
[[11296, 5], [[10451, 12], [10931, 12], [11074, 12]]]
