[[30, 9], [[693, 28], [620, 21], [410, 36], [205, 14], [533, 14], [516, 17], [116, 14], [283, 12], [87, 29], [0, 30], [45, 36], [478, 38], [162, 13], [237, 21], [905, 26], [604, 16]]]
[[35, 4], [[410, 36], [205, 14], [516, 17], [283, 12], [87, 29], [0, 30], [478, 38], [237, 21], [604, 16]]]
[[39, 6], [[800, 29], [693, 28], [620, 21], [410, 36], [205, 14], [533, 14], [553, 23], [516, 17], [116, 14], [1544, 17], [935, 36], [765, 28], [283, 12], [87, 29], [2424, 22], [743, 15], [971, 27], [0, 30], [45, 36], [361, 20], [478, 38], [1975, 31], [162, 13], [237, 21], [677, 16], [905, 26], [604, 16]]]
[[81, 6], [[620, 21], [116, 14], [283, 12], [45, 36], [162, 13]]]
[[255, 3], [[237, 21]]]
[[295, 4], [[283, 12]]]
[[325, 7], [[800, 29], [553, 23], [765, 28], [361, 20], [1975, 31], [677, 16]]]
[[397, 13], [[800, 29], [1975, 31]]]
[[397, 8], [[800, 29], [1975, 31]]]
[[350, 4], [[800, 29], [1975, 31]]]
[[540, 3], [[533, 14], [1014, 15]]]
[[547, 6], [[533, 14]]]
[[666, 11], [[620, 21], [1115, 21], [410, 36], [205, 14], [1044, 31], [533, 14], [516, 17], [116, 14], [935, 36], [1014, 15], [283, 12], [87, 29], [971, 27], [0, 30], [45, 36], [1153, 18], [478, 38], [162, 13], [237, 21], [604, 16]]]
[[677, 2], [[677, 16]]]
[[758, 7], [[743, 15]]]
[[931, 4], [[800, 29], [1290, 43], [1476, 21], [553, 23], [1799, 27], [1639, 43], [935, 36], [1014, 15], [765, 28], [361, 20], [1153, 18], [1975, 31], [677, 16]]]
[[921, 4], [[1044, 31]]]
[[166, 2], [[1044, 31]]]
[[10, 3], [[1115, 21], [1044, 31], [1883, 18]]]
[[793, 7], [[905, 26]]]
[[1123, 2], [[1115, 21]]]
[[1153, 2], [[1153, 18]]]
[[1280, 3], [[1269, 19], [2342, 17]]]
[[937, 2], [[1269, 19]]]
[[1288, 2], [[1269, 19]]]
[[1342, 2], [[1290, 43]]]
[[330, 2], [[1290, 43], [1799, 27], [1639, 43]]]
[[1303, 2], [[1290, 43]]]
[[1360, 6], [[2449, 19], [1344, 35]]]
[[1427, 2], [[1344, 35]]]
[[1497, 9], [[1476, 21]]]
[[43, 2], [[1506, 13]]]
[[1508, 4], [[1506, 13]]]
[[1542, 2], [[1506, 13]]]
[[1564, 3], [[1561, 21]]]
[[1582, 6], [[1561, 21]]]
[[607, 2], [[2449, 19], [1561, 21], [2020, 60]]]
[[1639, 3], [[1639, 43]]]
[[1022, 4], [[1826, 49], [1764, 11], [2534, 12], [2211, 40], [2020, 60]]]
[[1764, 2], [[1764, 11]]]
[[421, 4], [[1826, 49]]]
[[1875, 8], [[1826, 49], [2211, 40]]]
[[1877, 4], [[1826, 49], [2211, 40]]]
[[1969, 2], [[1883, 18]]]
[[1561, 2], [[1883, 18]]]
[[1887, 5], [[1883, 18]]]
[[1971, 4], [[1883, 18]]]
[[2022, 2], [[2020, 60]]]
[[2094, 4], [[2020, 60]]]
[[2071, 2], [[2020, 60]]]
[[1682, 3], [[2211, 40]]]
[[2262, 6], [[2251, 11]]]
[[2268, 4], [[2251, 11]]]
[[2272, 9], [[2251, 11]]]
[[2359, 14], [[2342, 17]]]
[[2373, 5], [[2342, 17]]]
[[2422, 2], [[2449, 19]]]
[[418, 2], [[2424, 22]]]
[[2446, 3], [[2424, 22]]]
[[0, 2], [[2534, 12]]]
[[68, 3], [[45, 36]]]
