-8,37408,6,-16 -8,450,9,-16
-8,37427,8,-16 -8,31176,9,-16
-8,37435,11,-16 -8,42906,14,-16
-8,37466,6,-16 -8,218,8,-16,-8,4741,15,-16
-8,37472,10,-16 -8,5048,5,-16
-8,37545,6,-16 -8,37551,19,-16
-8,37570,6,-16 -8,37576,13,-16,-8,2068,9,-16,-8,311,7,-16,-8,42857,7,-16,-8,42864,8,-16,-8,977,6,-16
-8,37589,6,-16 -8,7738,11,-16
-8,37595,6,-16 -8,20473,7,-16,-8,25803,8,-16,-8,25803,8,-16
-8,37840,6,-16 -8,37846,25,-16
-8,38131,9,-16 -8,38140,10,-16
-8,38150,10,-16 -8,35564,6,-16
-8,38160,4,-16 -8,5149,4,-16,-8,5149,4,-16
-8,38312,8,-16 -8,2967,19,-16
-8,38418,5,-16 -8,2687,5,-16
-8,42773,6,-16 -8,1134,6,-16,-8,42779,6,-16,-8,42785,5,-16,-8,11307,4,-16,-8,42790,4,-16
-8,42794,5,-16 -8,1971,12,-16,-8,20390,7,-16
-8,42799,6,-16 -8,5665,9,-16
-8,42805,6,-16 -8,688,30,-16
-8,42817,6,-16 -8,16020,11,-16
-8,42823,6,-16 -8,1081,10,-16
-8,42829,6,-16 -8,5734,11,-16
-8,42835,11,-16 -8,7543,10,-16
-8,42846,11,-16 -8,13520,17,-16
-8,42872,7,-16 -8,2929,11,-16
-8,42879,7,-16 -8,38423,14,-16
-8,42886,13,-16 -8,2858,11,-16
-8,42899,7,-16 -8,36634,15,-16
-8,42947,10,-16 -8,42957,11,-16
-8,42934,5,-16 -8,9871,6,-16,-8,42939,8,-16
-8,44825,7,-16 -8,44832,10,-16
-8,38164,6,-16 -8,2518,22,-16,-8,44879,17,-16
-8,45031,6,-16 -8,45037,3,-16
-8,45040,5,-16 -8,45045,9,-16
-8,45227,2,-16 -8,4840,3,-16,-8,917,2,-16,-8,4492,2,-16
-8,45364,5,-16 -8,45369,16,-16
-8,42811,6,-16 -8,5093,10,-16,-8,49307,13,-16
-8,51170,16,-16 -8,51186,19,-16
-8,51310,7,-16 -8,51317,9,-16
-8,53499,8,-16 -8,53507,8,-16
-8,54845,5,-16 -8,54642,17,-16
-8,55063,6,-16 -8,55069,14,-16
-8,60829,6,-16 -8,10201,5,-16
-8,61134,6,-16 -8,61140,6,-16
-8,64184,2,-16 -8,64186,6,-16,-8,64184,2,-16
-8,51167,3,-16 -8,5592,2,-16
-8,64196,3,-16 -8,64196,3,-16,-8,55528,7,-16,-8,55528,7,-16,-8,37825,7,-16,-8,37825,7,-16,-8,19414,3,-16,-8,64199,9,-16
-8,55061,2,-16 -8,5823,4,-16,-8,3025,7,-16
-8,64208,3,-16 -8,6673,2,-16
-8,2180,1,-16 -8,8542,3,-16,-8,30815,5,-16,-8,-8,-8,-4545,-5454,-16,-2,-8,64216,4,-16,-16,-2,-8,64220,5,-16,-16,-8,-8,-8,-8,-4545,-5454,-16,-2,-8,64216,4,-16,-16,-2,-8,64220,5,-16,-16,-2,-8,2180,1,-16,-16,-8,2023,7,-16,-8,64227,7,-16,-8,-8,-4545,-5454,-16,-2,-8,64225,2,-16,-16,-8,-8,-8,-4545,-5454,-16,-2,-8,10448,2,-16,-16,-2,-8,2180,1,-16,-16,-8,-8,-8,-4545,-5454,-16,-2,-8,35794,5,-16,-16,-2,-8,2180,1,-16,-16,-8,11379,5,-16,-8,-8,-8,-4545,-5454,-16,-2,-8,64225,2,-16,-16,-2,-8,2180,1,-16,-16,-8,-8,-4545,-5454,-16,-2,-8,35794,5,-16,-16,-8,-8,-4545,-5454,-16,-2,-8,10448,2,-16,-16,-8,1217,4,-16
-8,360,1,-16 -8,64234,4,-16,-8,64238,4,-16
-8,28827,3,-16 -8,3581,4,-16,-8,10901,4,-16,-8,3777,4,-16,-8,10913,5,-16,-8,4504,4,-16,-8,10926,3,-16
-8,41054,3,-16 -8,-8,-8,-8,-4545,-5454,-16,-2,-8,41054,3,-16,-16,-2,-8,64242,2,-16,-16,-2,-8,3636,2,-16,-16
-8,64220,5,-16 -8,-8,-8,-4545,-5454,-16,-2,-8,64216,4,-16,-16,-2,-8,64220,5,-16,-16,-8,-8,-8,-8,-4545,-5454,-16,-2,-8,64216,4,-16,-16,-2,-8,64220,5,-16,-16,-2,-8,2180,1,-16,-16
-8,2958,2,-16 -8,-8,-8,-4545,-5454,-16,-2,-8,2958,2,-16,-16,-2,-8,19414,3,-16,-16,-8,2911,2,-16
-8,64244,2,-16 -8,64246,3,-16,-8,64249,3,-16,-8,64252,2,-16
-8,79,6,-16 -8,263,3,-16
-8,926,2,-16 -8,-8,-8,-8,-8,-4545,-5454,-16,-2,-8,11639,4,-16,-16,-2,-8,926,2,-16,-16,-2,-8,3636,2,-16,-16,-2,-8,8146,3,-16,-16
-8,510,2,-16 -8,2498,4,-16,-8,10704,4,-16,-8,10710,9,-16,-8,4452,4,-16,-8,10731,4,-16,-8,10737,3,-16,-8,3756,4,-16
-8,10448,2,-16 -8,64254,8,-16,-8,327,3,-16,-8,-8,-8,-4545,-5454,-16,-2,-8,10448,2,-16,-16,-2,-8,2180,1,-16,-16
-8,-8,10448,2,-16,-2,-8,2180,1,-16,-16 -8,327,3,-16,-8,64254,8,-16
-8,64262,3,-16 -8,4504,4,-16,-8,4661,4,-16,-8,64265,4,-16
-8,64242,2,-16 -8,-8,-8,-8,-4545,-5454,-16,-2,-8,41054,3,-16,-16,-2,-8,64242,2,-16,-16,-2,-8,3636,2,-16,-16
-8,64225,2,-16 -8,-8,17293,4,-16,-2,-1,-8,35699,4,-16,-16,-8,-8,17292,5,-16,-2,-1,-8,35699,4,-16,-16,-8,-8,-8,-4545,-5454,-16,-2,-8,64225,2,-16,-16,-2,-8,2180,1,-16,-16
-8,64269,6,-16 -8,64275,5,-16
-8,917,2,-16 -8,5912,4,-16,-8,20117,4,-16,-8,20122,3,-16
-8,3351,2,-16 -8,2781,2,-16,-8,11447,2,-16,-8,28628,3,-16,-8,64280,2,-16
-8,8542,3,-16 -8,-8,-8,-4545,-5454,-16,-2,-8,17292,2,-16,-16,-2,-8,8542,3,-16,-16,-8,17293,4,-16,-8,64286,4,-16,-8,64290,5,-16,-8,64282,4,-16
-8,2073,2,-16 -8,1384,2,-16,-8,16786,5,-16,-8,21272,3,-16,-8,1809,3,-16
-8,11010,3,-16 -8,11041,4,-16
-8,3636,2,-16 -8,-8,-8,-4545,-5454,-16,-2,-8,3636,2,-16,-16,-2,-8,29679,3,-16,-16,-8,-8,-8,-8,-4545,-5454,-16,-2,-8,41054,3,-16,-16,-2,-8,64242,2,-16,-16,-2,-8,3636,2,-16,-16,-8,-8,-8,-8,-8,-4545,-5454,-16,-2,-8,11639,4,-16,-16,-2,-8,926,2,-16,-16,-2,-8,3636,2,-16,-16,-2,-8,8146,3,-16,-16
-8,29679,3,-16 -8,-8,-8,-4545,-5454,-16,-2,-8,3636,2,-16,-16,-2,-8,29679,3,-16,-16
-8,11639,4,-16 -8,-8,-8,-8,-8,-4545,-5454,-16,-2,-8,11639,4,-16,-16,-2,-8,926,2,-16,-16,-2,-8,3636,2,-16,-16,-2,-8,8146,3,-16,-16
-8,8146,3,-16 -8,-8,-8,-8,-8,-4545,-5454,-16,-2,-8,11639,4,-16,-16,-2,-8,926,2,-16,-16,-2,-8,3636,2,-16,-16,-2,-8,8146,3,-16,-16
-8,-8,-8,-8,11639,4,-16,-2,-8,926,2,-16,-16,-2,-8,3636,2,-16,-16,-2,-8,8146,3,-16,-16 -8,11650,4,-16,-8,11656,6,-16,-8,11697,10,-16,-8,11664,8,-16,-8,64295,4,-16,-8,11674,5,-16,-8,11681,6,-16
-8,64299,3,-16 -8,64299,3,-16
-8,19414,3,-16 -8,64312,5,-16,-8,-8,-8,-4545,-5454,-16,-2,-8,2958,2,-16,-16,-2,-8,19414,3,-16,-16,-8,64308,4,-16,-8,64302,6,-16
-8,3451,2,-16 -8,14709,2,-16,-8,14780,2,-16,-8,64317,4,-16,-8,223,3,-16,-8,19482,3,-16,-8,64321,4,-16,-8,64325,6,-16,-8,64331,6,-16,-8,64337,5,-16
-8,1309,2,-16 -8,7790,2,-16,-8,1134,2,-16,-8,807,2,-16,-8,10280,3,-16,-8,1095,3,-16,-8,3351,2,-16,-8,106773,4,-16
-8,64275,5,-16 -8,64342,5,-16
-8,17292,2,-16 -8,-8,-8,-4545,-5454,-16,-2,-8,17292,2,-16,-16,-2,-8,8542,3,-16,-16
-8,-8,64225,2,-16,-2,-8,2180,1,-16,-16 -8,-8,17293,4,-16,-2,-1,-8,35699,4,-16,-16,-8,-8,17292,5,-16,-2,-1,-8,35699,4,-16,-16
-8,1689,4,-16 -8,-8,-8,-4545,-5454,-16,-2,-8,1689,4,-16,-16,-2,-1,-8,494,3,-16,-16
-8,1217,4,-16 -8,64347,5,-16,-8,64254,8,-16
-8,97,4,-16 -8,64352,18,-16,-8,64370,10,-16,-8,42857,7,-16,-8,64380,6,-16,-8,64386,13,-16,-8,64399,12,-16,-8,64411,6,-16,-8,64417,10,-16,-8,64427,9,-16,-8,64436,8,-16,-8,64444,14,-16,-8,64458,7,-16,-8,64465,8,-16,-8,64473,5,-16,-8,64478,20,-16,-8,64498,18,-16,-8,7877,5,-16,-8,64516,6,-16,-8,64522,16,-16,-8,64538,5,-16,-8,64543,5,-16,-8,64548,8,-16,-8,64556,13,-16,-8,97,7,-16,-8,2068,9,-16,-8,64569,5,-16,-8,64574,7,-16,-8,64581,4,-16,-8,8933,6,-16,-8,64585,6,-16,-8,64591,4,-16,-8,64595,16,-16,-8,64611,8,-16,-8,64619,9,-16,-8,64628,9,-16,-8,64637,19,-16,-8,64656,7,-16,-8,64663,9,-16,-8,64672,17,-16,-8,64689,11,-16,-8,-8,-8,-4545,-5454,-16,-2,-8,97,4,-16,-16,-2,-8,125,1,-16,-16,-8,64700,6,-16,-8,64706,6,-16,-8,64712,8,-16,-8,64720,18,-16,-8,64738,14,-16,-8,64752,7,-16,-8,64759,6,-16,-8,64765,8,-16,-8,64773,10,-16,-8,64783,17,-16,-8,64800,8,-16,-8,64808,9,-16,-8,64817,20,-16,-8,311,7,-16,-8,64837,8,-16,-8,64845,23,-16,-8,64868,11,-16,-8,64879,11,-16
-8,35794,5,-16 -8,-8,-4545,-5454,-16,-2,-8,35794,5,-16,-16,-8,-8,-8,-4545,-5454,-16,-2,-8,35794,5,-16,-16,-2,-8,2180,1,-16,-16
-8,64216,4,-16 -8,-8,-8,-4545,-5454,-16,-2,-8,64216,4,-16,-16,-2,-8,64220,5,-16,-16,-8,-8,-8,-8,-4545,-5454,-16,-2,-8,64216,4,-16,-16,-2,-8,64220,5,-16,-16,-2,-8,2180,1,-16,-16
-8,64286,4,-16 -8,64890,5,-16,-8,17292,5,-16
-8,64282,4,-16 -8,64895,3,-16,-8,64898,3,-16,-8,64901,4,-16,-8,64905,4,-16,-8,64909,3,-16,-8,20924,3,-16,-8,64912,7,-16,-8,64919,4,-16,-8,64923,3,-16,-8,64926,5,-16
-8,30815,5,-16 -8,64931,4,-16,-8,151,4,-16,-8,64935,3,-16
-8,64938,4,-16 -8,97,4,-16,-8,10947,4,-16,-8,3421,4,-16,-8,3492,4,-16,-8,10965,4,-16,-8,10971,3,-16,-8,10976,4,-16,-8,10982,4,-16,-8,10988,5,-16,-8,10995,4,-16
-8,1942,4,-16 -8,64942,2,-16,-8,64244,2,-16,-8,64944,5,-16
-8,8300,4,-16 -8,19414,3,-16,-8,4883,2,-16,-8,64196,3,-16
-8,-8,17292,2,-16,-2,-8,8542,3,-16,-16 -8,16640,4,-16,-8,64949,3,-16,-8,64952,5,-16,-8,1083,2,-16,-8,64957,5,-16,-8,64962,4,-16,-8,64966,5,-16,-8,64971,6,-16,-8,23533,5,-16,-8,64977,6,-16,-8,64962,4,-16
-8,4306,4,-16 -8,64983,5,-16,-8,6305,2,-16,-8,9237,4,-16,-8,64988,5,-16,-8,34941,3,-16,-8,18434,3,-16,-8,64993,2,-16,-8,7638,2,-16,-8,64995,3,-16,-8,64998,5,-16,-8,10397,4,-16
-8,64890,5,-16 -8,124,2,-16,-8,2554,2,-16,-8,28487,4,-16,-8,8085,2,-16,-8,327,3,-16
-8,64342,5,-16 -8,65003,7,-16,-8,65010,7,-16
-8,-8,-8,64216,4,-16,-2,-8,64220,5,-16,-16,-2,-8,2180,1,-16,-16 -8,32993,5,-16,-8,65017,4,-16,-8,65021,4,-16,-8,64957,5,-16,-8,65025,4,-16,-8,2554,2,-16,-8,65029,3,-16,-8,65032,8,-16,-8,65040,6,-16,-8,65046,5,-16,-8,65051,3,-16,-8,64895,3,-16,-8,327,3,-16,-8,64949,3,-16,-8,65054,6,-16,-8,65060,9,-16,-8,14000,3,-16,-8,65069,5,-16,-8,64923,3,-16,-8,65074,8,-16,-8,65082,5,-16
-8,-8,64216,4,-16,-2,-8,64220,5,-16,-16 -8,32993,5,-16,-8,65017,4,-16,-8,65021,4,-16,-8,64957,5,-16,-8,65025,4,-16,-8,2554,2,-16,-8,65029,3,-16,-8,65032,8,-16,-8,65040,6,-16,-8,65046,5,-16,-8,65051,3,-16,-8,64895,3,-16,-8,327,3,-16,-8,64949,3,-16,-8,65054,6,-16,-8,65060,9,-16,-8,14000,3,-16,-8,65069,5,-16,-8,64923,3,-16,-8,65074,8,-16,-8,65082,5,-16
-8,-8,35794,5,-16,-2,-8,2180,1,-16,-16 -8,64282,4,-16,-8,65087,5,-16,-8,64957,5,-16,-8,64971,6,-16,-8,64347,5,-16
-8,-8,2958,2,-16,-2,-8,19414,3,-16,-16 -8,65092,3,-16,-8,65095,3,-16
-8,-8,3636,2,-16,-2,-8,29679,3,-16,-16 -8,65098,7,-16,-8,38132,4,-16,-8,65105,10,-16
-8,-8,-8,41054,3,-16,-2,-8,64242,2,-16,-16,-2,-8,3636,2,-16,-16 -8,41039,4,-16,-8,65115,5,-16,-8,65120,5,-16,-8,65125,4,-16,-8,65129,5,-16,-8,4532,4,-16,-8,65134,6,-16
-8,65003,7,-16 -8,65140,7,-16,-8,65147,7,-16,-8,65154,9,-16,-8,65163,5,-16,-8,65168,7,-16
-8,65010,7,-16 -8,65175,5,-16,-8,65180,3,-16,-8,65183,4,-16,-8,65187,3,-16,-8,65190,7,-16
-8,21850,3,-16 -8,65197,6,-16,-8,65203,6,-16
-8,65209,5,-16 -8,21850,3,-16
-8,4889,4,-16 -8,4885,2,-16,-8,4885,4,-16
-8,1687,2,-16 -8,1681,6,-16,-8,65214,3,-16
-8,64182,2,-16 -8,64179,3,-16
-8,10177,2,-16 -8,6567,5,-16,-8,35794,5,-16,-8,85848,2,-16,-8,85850,3,-16,-8,85853,7,-16
-8,6567,5,-16 -8,85860,5,-16,-8,85865,7,-16
-8,9877,6,-16 -8,15477,3,-16
-8,85872,5,-16 -8,9877,6,-16
-8,93974,6,-16 -8,93980,17,-16
-8,96066,7,-16 -8,96073,10,-16
-8,95964,7,-16 -8,95971,9,-16
-8,4070,1,-16 -8,40923,2,-16
-8,2911,2,-16 -8,64275,5,-16
-8,4,1,-16 -8,106777,5,-16
-8,106782,7,-16 -8,106789,19,-16
-8,51556,6,-16 -8,51562,6,-16,-8,15391,6,-16
-8,115265,5,-16 -8,112641,10,-16
-8,115272,6,-16 -8,113400,10,-16
-8,115278,12,-16 -8,115290,9,-16
-8,116067,9,-16 -8,116076,14,-16
-8,328,2,-16 -8,327,3,-16,-8,8085,2,-16
-8,120683,11,-16 -8,120694,20,-16,-8,120714,20,-16
-8,120734,3,-16 -8,917,2,-16,-8,4492,2,-16,-8,120737,2,-16
-8,4840,3,-16 -8,120734,3,-16,-8,120739,14,-16
-8,125376,6,-16 -8,45221,6,-16
-8,37019,6,-16 -8,9017,7,-16
-8,37461,5,-16 -8,792,5,-16
-8,45213,8,-16 -8,125376,6,-16
-8,118065,2,-16 -8,54369,4,-16
