[[1626, 239], [1865, 135], "1900-01-01"]
[[2009, 14], [1626, 239], "1900-01-01"]
[[2023, 67], [2090, 102], "1900-01-01"]
[[2192, 145], [2023, 67], "1900-01-01"]
[[2337, 64], [2401, 63], "1900-01-01"]
[[2464, 69], [2337, 64], "1900-01-01"]
[[2533, 77], [2610, 53], "1900-01-01"]
[[2663, 86], [2533, 77], "1900-01-01"]
[[2749, 117], [2866, 15], "1900-01-01"]
[[2881, 123], [3004, 55], "1900-01-01"]
[[3059, 115], [2881, 123], "1900-01-01"]
[[3174, 64], [3238, 89], "1900-01-01"]
[[3327, 50], [3174, 64], "1900-01-01"]
[[3377, 28], [3405, 86], "1900-01-01"]
[[3491, 46], [3537, 0], "1900-01-01"]
[[3537, 27], [3491, 46], "1900-01-01"]
[[3564, 30], [3059, 115], "1900-01-01"]
[[3594, 59], [3653, 38], "1900-01-01"]
[[3691, 176], [3594, 59], "1900-01-01"]
[[2090, 102], [2464, 69], "1900-01-01"]
[[2401, 63], [3377, 28], "1900-01-01"]
[[3004, 55], [3867, 129], "1900-01-01"]
[[3996, 154], [2192, 145], "1900-01-01"]
[[4150, 65], [4215, 33], "1900-01-01"]
[[4248, 46], [4150, 65], "1900-01-01"]
[[4294, 71], [3564, 30], "1900-01-01"]
[[4215, 33], [4365, 117], "1900-01-01"]
[[3653, 38], [2663, 86], "1900-01-01"]
[[4482, 101], [4583, 63], "1900-01-01"]
[[4646, 52], [4482, 101], "1900-01-01"]
[[4698, 207], [3691, 176], "1900-01-01"]
[[4905, 18], [4923, 66], "1900-01-01"]
[[4989, 24], [4905, 18], "1900-01-01"]
[[5013, 72], [5085, 321], "1900-01-01"]
[[5406, 87], [5013, 72], "1900-01-01"]
[[4923, 66], [5406, 87], "1900-01-01"]
[[5493, 138], [3327, 50], "1900-01-01"]
[[5631, 38], [5669, 47], "1900-01-01"]
[[4583, 63], [2009, 14], "1900-01-01"]
[[5716, 56], [3996, 154], "1900-01-01"]
[[5772, 106], [4989, 24], "1900-01-01"]
[[1865, 135], [3537, 27], "1900-01-01"]
[[5878, 124], [2749, 117], "1900-01-01"]
[[6005, 30], [5493, 138], "1900-01-01"]