[[0, 0], [0, 0], "2021-07-07 20:03:49.615775"]
[[20197, 16], [307525, 31], "2021-03-28 18:00:39.839253"]
[[183344, 10], [0, 0], "2021-03-15"]
[[311937, 31], [338996, 66], "2021-08-19 15:22:43"]
[[166193, 16], [0, 0], "2021-07-23 07:23:30"]
[[179293, 27], [0, 0], "2021-03-15"]
[[152755, 15], [389216, 157], "2021-03-16"]
[[18143, 16], [18159, 219], "2021-06-01 00:18:30.857693"]
[[175317, 42], [175359, 51], "2021-07-31 17:56:52"]
[[313875, 50], [313925, 28], "2021-08-21 01:13:54"]
[[182597, 9], [182805, 224], "2021-03-18"]
[[3331, 26], [3357, 163], "2021-06-25 07:58:38.221422"]
[[339539, 26], [339565, 25], "2021-08-23 14:16:16"]
[[195734, 10], [195744, 38], "2021-03-15"]
[[185296, 24], [403581, 10], "2021-03-15"]
[[193481, 10], [0, 0], "2021-03-15"]
[[29672, 15], [29687, 34], "2021-07-03 18:15:12.857101"]
[[170637, 33], [170670, 55], "2021-07-29 23:03:49"]
[[183029, 29], [183058, 98], "2021-03-15"]
[[29826, 10], [29836, 48], "2021-07-01 19:12:41.082645"]
[[22103, 16], [22119, 38], "2021-03-15"]
[[12510, 28], [12538, 22], "2021-06-25 08:32:47.317898"]
[[188208, 10], [0, 0], "2021-03-15"]
[[25202, 10], [166556, 167], "2021-05-03 10:27:32.910332"]
[[404303, 15], [404361, 58], "2021-09-01 18:15:22"]
[[195592, 10], [0, 0], "2021-03-15"]
[[254318, 10], [307997, 59], "2021-08-04 12:47:08"]
[[78732, 13], [307556, 334], "2021-06-03 18:44:32.223399"]
[[12798, 10], [12808, 46], "2021-06-01 10:43:15.708912"]
[[185377, 16], [185393, 18], "2021-03-16"]
[[310397, 10], [310407, 36], "2021-08-17 19:24:17"]
[[193491, 9], [193500, 8], "2021-03-15"]
[[29478, 33], [29511, 25], "2021-07-07 08:28:30.805105"]
[[170576, 10], [170586, 12], "2021-07-29 16:53:52"]
[[184727, 26], [0, 0], "2021-03-15"]
[[17449, 10], [17459, 65], "2021-06-24 15:52:13.077151"]
[[16151, 9], [167419, 626], "2021-07-06 15:13:49.255392"]
[[185167, 12], [0, 0], "2021-03-15"]
[[193393, 10], [193403, 29], "2021-03-15"]
[[185094, 10], [0, 0], "2021-03-17"]
[[3232, 3], [0, 0], "2021-07-07 20:03:49.615775"]
[[20730, 10], [20740, 33], "2021-06-30 11:48:49.542055"]
[[188558, 10], [188568, 100], "2021-03-15"]
[[389501, 17], [404419, 15], "2021-08-31 21:58:29"]
[[46423, 32], [46455, 18], "2021-07-11 18:29:01.201784"]
[[254829, 10], [254839, 65], "2021-08-05 14:41:38"]
[[23833, 18], [0, 0], "2021-04-07 16:58:57.733226"]
[[26199, 36], [0, 0], "2021-06-04 10:35:09.833626"]
[[20284, 10], [20294, 27], "2021-06-26 09:44:47.523282"]
[[17707, 14], [17721, 80], "2021-06-14 18:32:45.570809"]
[[181322, 29], [181351, 34], "2021-03-15"]
[[26241, 47], [0, 0], "2021-06-19 19:33:49.648973"]
[[26014, 8], [26022, 101], "2021-06-12 18:47:57.233643"]
[[31868, 33], [31901, 85], "2021-07-03 18:16:15.707141"]
[[266632, 22], [266654, 42], "2021-08-10 19:11:20"]
[[264189, 9], [264198, 18], "2021-08-09 07:16:21"]
[[268356, 10], [268366, 6], "2021-08-11 08:31:02"]
[[186341, 27], [0, 0], "2021-03-15"]
[[196955, 22], [196977, 189], "2021-03-15"]
[[87780, 58], [98032, 72], "2021-07-13 18:29:30.500413"]
[[35812, 27], [35839, 17], "2021-07-03 18:27:22.676041"]
[[104217, 21], [104238, 13], "2021-07-01 15:42:00.848885"]
[[189031, 22], [189053, 51], "2021-03-15"]
[[409349, 26], [0, 0], "2021-09-02 22:30:24"]
[[148167, 5], [148181, 213], "2021-07-15 22:46:16.697620"]
[[228680, 5], [193393, 10], "2021-05-20 21:56:15.201621"]
[[13244, 16], [13260, 63], "2021-06-15 22:13:46.591326"]
[[13772, 29], [0, 0], "2021-05-29 12:25:50.269153"]
[[195815, 21], [0, 0], "2021-03-15"]
[[3199, 14], [3213, 24], "2021-04-30 18:46:45.844826"]
[[179352, 5], [0, 0], "2021-03-15"]
[[181495, 41], [0, 0], "2021-03-15"]
[[74386, 29], [74415, 77], "2021-07-11 22:35:52.411736"]
[[18378, 5], [18383, 201], "2021-05-23 09:02:21.363504"]
[[28998, 27], [0, 0], "2021-03-15"]
[[171154, 7], [171161, 75], "2021-07-31 00:28:48"]
[[11399, 30], [0, 0], "2021-06-04 21:17:36.042356"]
[[265807, 24], [0, 0], "2021-08-10 09:30:29"]
[[263555, 5], [263560, 42], "2021-08-07 18:08:34"]
[[32089, 5], [32094, 17], "2021-07-05 09:23:51.524721"]
[[389425, 23], [389448, 10], "2021-08-31 17:33:48"]
[[266696, 26], [266722, 15], "2021-08-10 19:12:10"]
[[13548, 5], [13553, 219], "2021-03-27 11:34:01.387530"]
[[8500, 5], [197712, 82], "2021-03-15"]
[[1489, 21], [1510, 45], "2021-03-25 14:12:08.372118"]
[[229622, 9], [230792, 14], "2021-06-24 19:47:17.183637"]
[[181901, 25], [181926, 40], "2021-03-19"]
[[232011, 9], [232020, 39], "2021-07-28 18:54:15"]
[[232059, 9], [232068, 329], "2021-07-29 21:30:41"]
[[178795, 5], [178800, 90], "2021-03-15"]
[[189322, 5], [189327, 107], "2021-03-15"]
[[187981, 21], [0, 0], "2021-03-15"]
[[13356, 16], [13372, 176], "2021-06-26 09:42:27.139946"]
[[6585, 21], [6606, 25], "2021-05-29 11:53:37.879384"]
[[97307, 23], [403591, 94], "2021-07-13 19:49:26.729570"]
[[10079, 9], [10088, 28], "2021-06-14 15:48:30.125141"]
[[311602, 23], [312344, 84], "2021-08-18 17:45:27"]
[[185424, 35], [0, 0], "2021-03-19"]
[[345347, 19], [345366, 8], "2021-08-24 14:49:34"]
[[181966, 21], [181987, 26], "2021-02-26"]
[[1563, 14], [1577, 21], "2021-06-08 14:49:27.804714"]
[[1716, 28], [1744, 39], "2021-06-19 12:07:03.663373"]
[[187646, 28], [0, 0], "2021-03-15"]
[[29114, 15], [29129, 14], "2021-07-08 23:14:03.392125"]
[[186954, 46], [0, 0], "2021-03-16"]
[[317615, 38], [317653, 4], "2021-08-21 18:39:00"]
[[188386, 9], [188395, 19], "2021-03-15"]
[[195637, 16], [195653, 36], "2021-03-15"]
[[23709, 21], [0, 0], "2021-04-14 16:00:21.365854"]
[[364627, 8], [364635, 31], "2021-08-30 21:23:34"]
[[31375, 29], [31404, 20], "2021-07-03 18:32:38.654888"]
[[14165, 32], [0, 0], "2021-03-22"]
[[248249, 32], [248281, 62], "2021-08-04 08:18:09"]
[[239122, 23], [239145, 53], "2021-08-02 20:21:38"]
[[26512, 44], [0, 0], "2021-06-20 20:13:37.859620"]
[[403007, 21], [403037, 58], "2021-09-01 13:48:03"]
[[364510, 37], [0, 0], "2021-08-30 19:31:02"]
[[197166, 9], [197175, 19], "2021-03-15"]
[[25946, 44], [0, 0], "2021-06-19 20:07:11.296940"]
[[166984, 14], [166998, 81], "2021-07-23 20:42:25"]
[[170731, 8], [0, 0], "2021-03-19"]
[[262489, 32], [262521, 70], "2021-08-05 18:48:24"]
[[227856, 20], [0, 0], "2021-07-24 23:13:09"]
[[1685, 31], [0, 0], "2021-06-25 21:18:45.655647"]
[[196325, 26], [0, 0], "2021-03-19"]
[[98001, 9], [98010, 20], "2021-07-14 12:42:44.371622"]
[[198117, 32], [0, 0], "2021-03-15"]
[[185218, 62], [0, 0], "2021-03-15"]
[[26412, 21], [26433, 6], "2021-05-13 13:15:41.446414"]
[[27188, 36], [0, 0], "2021-03-15"]
[[316509, 14], [316523, 42], "2021-08-21 08:20:13"]
[[27936, 11], [355260, 397], "2021-06-01 00:17:49.823855"]
[[27468, 11], [27479, 97], "2021-06-02 20:14:22.260650"]
[[11108, 19], [11127, 63], "2021-03-29 06:34:42.364776"]
[[267422, 9], [267431, 30], "2021-08-10 23:48:37"]
[[196427, 42], [196469, 89], "2021-03-15"]
[[191880, 21], [0, 0], "2021-02-26"]
[[3093, 21], [0, 0], "2021-06-25 21:24:19.185291"]
[[12560, 19], [0, 0], "2021-06-14 17:35:39.284341"]
[[308178, 26], [308247, 38], "2021-08-16 05:49:39"]
[[26123, 24], [26147, 52], "2021-03-15"]
[[227833, 23], [0, 0], "2021-06-02 12:36:55.212449"]
[[187412, 27], [0, 0], "2021-03-15"]
[[263748, 23], [263771, 25], "2021-08-08 21:24:44"]
[[353189, 23], [345413, 28], "2021-08-24 14:52:46"]
[[195173, 18], [195191, 32], "2021-03-15"]
[[195486, 21], [195507, 50], "2021-03-15"]
[[14788, 21], [0, 0], "2021-04-06 20:15:04.078518"]
[[227656, 14], [0, 0], "2021-08-01 18:16:03"]
[[310383, 14], [0, 0], "2021-08-17 19:22:12"]
[[237545, 92], [237693, 78], "2021-08-01 20:04:36"]
[[20498, 14], [20512, 18], "2021-03-15"]
[[179218, 47], [0, 0], "2021-03-15"]
[[171262, 32], [171294, 61], "2021-07-31 00:36:44"]
[[235289, 14], [248666, 54], "2021-08-01 18:49:11"]
[[2002, 38], [2040, 98], "2021-06-21 20:14:18.995528"]
[[20069, 21], [20090, 17], "2021-04-30 18:30:11.927262"]
[[161998, 21], [162019, 47], "2021-07-20 23:51:17.324970"]
[[186256, 14], [0, 0], "2021-03-15"]
[[199244, 14], [199258, 43], "2021-08-01 09:30:48"]
[[185879, 14], [0, 0], "2021-03-15"]
[[254498, 21], [254519, 14], "2021-08-04 21:41:39"]
[[17850, 14], [0, 0], "2021-06-11 13:04:27.181569"]
[[191901, 14], [0, 0], "2021-03-15"]
[[19473, 9], [19482, 17], "2021-03-24 10:39:44.882128"]
[[76102, 14], [76116, 91], "2021-07-13 09:39:43.359754"]
[[227678, 21], [227699, 15], "1900-01-01"]
[[187237, 30], [0, 0], "2021-03-15"]
[[17524, 21], [0, 0], "2021-06-24 21:12:02.114992"]
[[74227, 14], [74290, 96], "2021-07-11 22:02:32.920351"]
[[186607, 30], [186637, 159], "2021-02-26"]
[[199047, 14], [0, 0], "2021-07-31 21:27:39"]
[[29775, 37], [29812, 14], "2021-07-07 20:00:35.256747"]
[[245240, 19], [245259, 42], "2021-08-04 07:20:59"]
[[181585, 41], [0, 0], "2021-03-15"]
[[2307, 21], [0, 0], "2021-06-02 15:53:57.391281"]
[[188668, 14], [188682, 69], "2021-02-26"]
[[26602, 22], [0, 0], "2021-04-30 18:30:11.927262"]
[[79231, 21], [79252, 69], "2021-07-04 23:01:31.393932"]
[[151826, 24], [151850, 34], "2021-07-17 19:42:32.397519"]
[[162187, 19], [162206, 26], "2021-06-24 10:38:38.257855"]
[[193184, 21], [193205, 42], "2021-03-15"]
[[9997, 19], [10016, 24], "2021-05-26 18:17:09.210988"]
[[188218, 23], [0, 0], "2021-03-15"]
[[185148, 19], [0, 0], "2021-03-20"]
[[26288, 13], [26301, 102], "2021-05-29 12:09:03.456012"]
[[19298, 6], [0, 0], "2021-06-05 11:08:01.803197"]
[[327570, 14], [409040, 181], "2021-08-23 08:03:42"]
[[31339, 19], [31358, 17], "2021-07-04 20:59:52.879545"]
[[238832, 36], [238868, 37], "2021-08-02 15:07:51"]
[[17610, 19], [0, 0], "2021-04-30 18:56:57.693542"]
[[152875, 19], [152894, 57], "2021-07-18 19:47:21.968886"]
[[187609, 37], [0, 0], "2021-03-15"]
[[188131, 14], [188145, 63], "2021-03-15"]
[[19882, 6], [19888, 143], "2021-03-15"]
[[3520, 6], [3526, 1948], "2021-06-03"]
[[98104, 11], [98123, 91], "2021-07-14 16:51:07.353035"]
[[183974, 14], [183988, 32], "2021-03-15"]
[[36045, 37], [0, 0], "2021-07-01 19:14:38.418477"]
[[199064, 6], [199136, 47], "2021-07-31 21:27:54"]
[[17425, 12], [17437, 12], "2021-06-06 14:09:10.709147"]
[[193831, 6], [0, 0], "2021-03-15"]
[[199047, 6], [199088, 48], "2021-07-31 21:28:49"]
[[188552, 6], [0, 0], "2021-03-15"]
[[190653, 14], [0, 0], "2021-03-15"]
[[182440, 42], [0, 0], "2021-03-19"]
[[263050, 14], [263064, 50], "2021-08-06 21:22:16"]
[[13155, 18], [13173, 7], "2021-06-30 22:39:46.740618"]
[[227879, 24], [227903, 32], "2021-06-02 15:35:53.090966"]
[[25932, 14], [0, 0], "2021-06-06 21:28:03.669256"]
[[29721, 14], [29735, 40], "2021-07-07 08:56:37.248207"]
[[228807, 11], [228818, 15], "2021-05-23 17:51:00.098441"]
[[20572, 19], [20591, 64], "2021-03-15"]
[[227714, 14], [227728, 44], "2021-04-27 10:27:49.994995"]
[[188286, 39], [0, 0], "2021-03-15"]
[[79094, 19], [79113, 107], "2021-03-20"]
[[189619, 14], [189633, 40], "2021-03-15"]
[[35707, 13], [35720, 39], "2021-07-08 22:53:59.446535"]
[[76054, 14], [76207, 38], "2021-07-12 22:11:55.457194"]
[[196076, 21], [196097, 27], "2021-03-15"]
[[185115, 33], [0, 0], "2021-03-03"]
[[152190, 14], [152241, 53], "2021-07-17 22:35:13.132418"]
[[193965, 6], [0, 0], "2021-03-15"]
[[227935, 21], [227956, 15], "2021-06-22 23:09:09.290963"]
[[7525, 14], [21473, 64], "2021-05-07 13:23:22.184390"]
[[187748, 41], [0, 0], "2021-02-26"]
[[183330, 14], [0, 0], "2021-03-15"]
[[179320, 19], [0, 0], "2021-03-15"]
[[11503, 28], [0, 0], "2021-02-26"]
[[182565, 31], [182596, 19], "2021-03-19"]
[[15193, 21], [20476, 22], "2021-04-14 22:33:25.145277"]
[[185847, 32], [0, 0], "2021-03-15"]
[[142123, 23], [402210, 446], "2021-07-15 19:16:04.554697"]
[[358913, 14], [358927, 129], "2021-08-30 18:52:19"]
[[186825, 11], [0, 0], "2021-03-15"]
[[12664, 14], [0, 0], "2021-03-15"]
[[26732, 29], [26761, 26], "2021-05-27 21:19:07.175695"]
[[2450, 17], [0, 0], "2021-03-22"]
[[265340, 14], [274752, 281], "2021-08-09 23:16:45"]
[[254904, 11], [254915, 42], "2021-08-05 14:43:14"]
[[228108, 21], [228129, 78], "2021-07-13 21:09:38.099162"]
[[178981, 11], [0, 0], "2021-03-13"]
[[188492, 21], [188513, 39], "2021-03-15"]
[[183247, 19], [183266, 11], "2021-03-15"]
[[14357, 14], [14371, 32], "2021-04-30 18:25:48.579867"]
[[20655, 35], [20690, 40], "2021-06-26 20:34:20.540316"]
[[193277, 14], [193291, 35], "2021-03-20"]
[[168616, 19], [168635, 7], "2021-07-24 18:11:15"]
[[228720, 11], [0, 0], "2021-05-20 00:08:48.881661"]
[[35112, 39], [35151, 46], "2021-07-09 11:55:05.700527"]
[[183354, 14], [0, 0], "2021-02-26"]
[[277427, 28], [0, 0], "2021-08-12 20:40:33"]
[[14672, 38], [0, 0], "2021-04-30 18:48:16.750821"]
[[228731, 11], [228742, 16], "2021-05-16 18:57:41.847813"]
[[195782, 19], [195801, 14], "2021-03-15"]
[[31986, 13], [31999, 44], "2021-07-05 07:56:35.629906"]
[[179596, 14], [196155, 20], "2021-03-15"]
[[46353, 35], [46388, 35], "2021-07-11 18:28:02.371283"]
[[304883, 9], [304892, 16], "2021-08-14 22:28:04"]
[[184597, 11], [184608, 32], "2021-03-15"]
[[190826, 32], [190858, 11], "2021-03-15"]
[[19395, 24], [19419, 54], "2021-05-29 09:33:37.129000"]
[[141316, 11], [141327, 20], "2021-07-15 19:12:56.177721"]
[[189020, 11], [0, 0], "2021-03-17"]
[[239291, 21], [239312, 55], "2021-08-02 20:24:34"]
[[27661, 17], [27678, 29], "2021-06-29 23:04:21.511008"]
[[20171, 26], [0, 0], "2021-06-04 21:16:43.026545"]
[[31161, 19], [31180, 27], "2021-07-08 16:02:41.674044"]
[[239245, 11], [239256, 35], "2021-08-02 20:23:12"]
[[266737, 11], [266748, 106], "2021-08-10 19:16:34"]
[[162334, 19], [162353, 25], "2021-07-21 12:36:04.200541"]
[[162066, 17], [162083, 30], "2021-07-21 09:46:34.714706"]
[[10828, 26], [10854, 166], "2021-04-30 19:01:12.722760"]
[[28728, 42], [0, 0], "2021-06-18 07:56:12.738047"]
[[18032, 23], [0, 0], "2021-05-29 11:54:06.109471"]
[[198179, 11], [0, 0], "2021-03-18"]
[[15511, 9], [0, 0], "2021-04-11 21:42:26.436510"]
[[193799, 32], [0, 0], "2021-03-15"]
[[20773, 23], [0, 0], "2021-06-30 00:12:05.754616"]
[[184049, 14], [184063, 117], "2021-03-15"]
[[229613, 18], [229631, 237], "2021-06-24 19:47:49.176067"]
[[199307, 11], [199318, 64], "2021-08-01 09:32:19"]
[[190422, 11], [0, 0], "2021-03-15"]
[[161730, 17], [161747, 37], "2021-07-20 19:07:25.358580"]
[[239203, 11], [239214, 31], "2021-08-02 20:22:22"]
[[400090, 11], [398618, 566], "2021-08-31 23:40:42"]
[[266535, 11], [266546, 52], "2021-08-10 19:09:01"]
[[185415, 9], [0, 0], "2021-03-15"]
[[312306, 35], [0, 0], "2021-08-20 07:49:41"]
[[171059, 14], [171073, 32], "2021-07-30 20:34:49"]
[[6382, 25], [6407, 35], "2021-06-15 00:06:06.919650"]
[[35859, 11], [35870, 23], "2021-07-09 11:39:33.981702"]
[[170626, 11], [0, 0], "2021-07-29 21:56:35"]
[[242519, 11], [242530, 50], "2021-08-03 18:05:46"]
[[28770, 31], [28801, 15], "2021-06-18 10:31:31.132270"]
[[170153, 17], [170170, 19], "2021-07-25 20:20:52"]
[[187855, 23], [187878, 17], "2021-02-26"]
[[35197, 9], [35206, 42], "2021-07-05 08:53:27.632660"]
[[154141, 13], [154154, 5], "2021-07-19 21:56:41.115998"]
[[28816, 30], [27182, 6], "2021-06-02 15:34:25.101391"]
[[97484, 25], [162378, 120], "2021-06-19 11:16:57.882701----------------------------------------"]
[[195131, 37], [0, 0], "2021-03-15"]
[[409318, 31], [409380, 9], "2021-09-02 20:25:04"]
[[190405, 17], [0, 0], "2021-03-15"]
[[19090, 23], [0, 0], "2021-04-20 11:03:00.452402"]
[[182412, 11], [182423, 17], "2021-03-15"]
[[184377, 41], [184418, 13], "2021-03-15"]
[[191596, 19], [191615, 66], "2021-03-16"]
[[152062, 36], [152098, 17], "2021-07-17 22:30:55.627890"]
[[182395, 17], [0, 0], "2021-03-15"]
[[311872, 29], [311901, 36], "2021-08-19 15:19:16"]
[[355204, 28], [355232, 28], "2021-08-26 20:54:33"]
[[29085, 11], [29096, 18], "2021-07-05 10:02:15.385670"]
[[195453, 33], [0, 0], "2021-03-15"]
[[16604, 8], [335824, 126], "2021-03-15"]
[[196124, 11], [196135, 20], "2021-03-16"]
[[20050, 19], [0, 0], "2021-04-20 09:12:19.485564"]
[[46224, 20], [0, 0], "2021-07-11 18:17:45.669901"]
[[193352, 11], [0, 0], "2021-03-15"]
[[339335, 9], [339590, 180], "2021-08-23 14:07:06"]
[[23498, 11], [23509, 12], "2021-06-19 12:34:32.524011"]
[[276124, 25], [276149, 54], "2021-08-12 18:49:34"]
[[19056, 23], [0, 0], "2021-03-15"]
[[12498, 11], [0, 0], "2021-04-18 09:15:32.534729"]
[[29054, 19], [29073, 12], "2021-07-07 19:53:30.314834"]
[[14137, 28], [2049, 5], "2021-06-15 16:05:10.465783"]
[[1979, 23], [0, 0], "2021-06-25 07:30:00.700021"]
[[179133, 19], [0, 0], "2021-03-15"]
[[309965, 13], [3111, 3], "2021-08-17 19:09:31"]
[[31501, 38], [31539, 37], "2021-07-04 09:02:34.840318"]
[[9944, 17], [9961, 36], "2021-03-15"]
[[10749, 16], [307034, 258], "2021-07-04 19:48:11.318999"]
[[19343, 17], [0, 0], "2021-06-16 21:38:54.422557"]
[[45950, 11], [45961, 107], "2021-07-11 18:14:46.342423"]
[[27576, 45], [27621, 40], "2021-05-29 00:12:25.040420"]
[[27066, 14], [27080, 13], "2021-05-28 00:21:45.847917"]
[[28846, 16], [28862, 136], "2021-06-21 00:25:42.219844"]
[[36088, 23], [36111, 60], "2021-07-03 18:26:27.594310"]
[[254344, 25], [254369, 33], "2021-08-04 21:34:17"]
[[265731, 23], [265754, 13], "2021-08-10 08:15:44"]
[[190433, 37], [190470, 155], "2021-03-15"]
[[238803, 29], [0, 0], "2021-08-02 14:15:19"]
[[25990, 24], [0, 0], "2021-06-17 00:45:58.134853"]
[[28620, 20], [28640, 53], "2021-06-19 22:01:55.635541"]
[[6914, 17], [0, 0], "2021-06-15 07:21:50.612548"]
[[195689, 18], [0, 0], "2021-03-15"]
[[171236, 26], [0, 0], "2021-07-31 00:35:40"]
[[189574, 22], [0, 0], "2021-03-15"]
[[188241, 17], [0, 0], "2021-03-15"]
[[195858, 32], [0, 0], "2021-03-15"]
[[228417, 9], [228426, 24], "2021-05-16 18:56:30.209978"]
[[179195, 23], [0, 0], "2021-03-15"]
[[20107, 2], [20113, 58], "2021-03-15"]
[[14302, 19], [147921, 18], "2021-03-15"]
[[1872, 7], [239738, 124], "2021-06-10 12:35:41.230761"]
[[317279, 16], [317295, 20], "2021-08-21 08:55:09"]
[[15673, 7], [15680, 11], "2021-04-07 17:02:46.168671"]
[[189479, 90], [0, 0], "2021-03-15"]
[[44432, 25], [44457, 20], "2021-07-11 17:55:06.497449"]
[[188065, 41], [188106, 17], "2021-03-20"]
[[26439, 14], [104520, 139], "2021-05-09 12:57:18.705075"]
[[31231, 7], [267131, 291], "2021-07-04 20:51:37.040662"]
[[184558, 23], [184581, 16], "2021-03-15"]
[[228779, 7], [228786, 21], "2021-05-16 18:58:15.348477"]
[[228042, 25], [228067, 18], "2021-07-03 18:19:06.050857"]
[[403095, 28], [403241, 117], "2021-09-01 15:21:05"]
[[11329, 17], [11346, 15], "2021-04-30 18:40:27.925575"]
[[181834, 17], [181851, 21], "2021-03-15"]
[[12657, 7], [0, 0], "2021-05-10 12:50:54.466339"]
[[28390, 18], [28408, 212], "2021-06-27 17:23:00.243682"]
[[268372, 17], [268389, 14], "2021-08-11 08:38:24"]
[[187674, 15], [0, 0], "2021-03-15"]
[[364666, 7], [364673, 29], "2021-08-31 08:55:24"]
[[403382, 7], [403473, 100], "2021-09-01 15:58:31"]
[[12579, 35], [12614, 39], "2021-04-24 19:17:57.729568"]
[[167079, 25], [167104, 32], "2021-07-23 23:11:22"]
[[14855, 7], [14862, 80], "2021-03-15"]
[[228697, 7], [228704, 16], "2021-05-16 18:56:57.255043"]
[[2411, 2], [228837, 72], "2021-06-28 17:44:24.677037"]
[[188417, 13], [0, 0], "2021-03-15"]
[[1791, 25], [0, 0], "2021-06-20 20:15:40.025414"]
[[320711, 17], [320728, 24], "2021-08-22 17:47:51"]
[[188836, 7], [188843, 80], "2021-03-15"]
[[77585, 7], [79899, 339], "2021-06-10 12:33:53.830689"]
[[170043, 7], [402167, 43], "2021-07-24 23:10:53"]
[[228300, 9], [228309, 34], "2021-07-14 17:00:56.200163"]
[[191681, 28], [191709, 12], "2021-03-15"]
[[19117, 7], [19124, 131], "2021-06-28 15:42:19.485471"]
[[196351, 17], [196368, 46], "2021-03-15"]
[[21553, 7], [96885, 422], "2021-05-24 10:41:19.223791"]
[[188923, 7], [188930, 3], "2021-03-15"]
[[253935, 17], [253952, 25], "2021-08-04 12:34:39"]
[[197610, 9], [0, 0], "2021-03-15"]
[[191434, 15], [191449, 47], "2021-03-15"]
[[182013, 36], [0, 0], "2021-03-15"]
[[374177, 13], [196135, 20], "2021-03-16"]
[[170569, 7], [0, 0], "2021-07-28 20:19:50"]
[[20031, 17], [0, 0], "2021-03-15"]
[[309375, 7], [309382, 21], "2021-08-17 12:32:40"]
[[182482, 48], [182530, 35], "2021-02-26"]
[[32043, 7], [32050, 37], "2021-07-04 19:50:40.949605"]
[[14128, 7], [0, 0], "2021-03-15"]
[[188325, 46], [0, 0], "2021-03-02"]
[[6514, 25], [0, 0], "2021-06-25 21:24:43.505708"]
[[13182, 17], [0, 0], "2021-04-12 13:05:29.988536"]
[[3289, 31], [3320, 11], "2021-03-15"]
[[312017, 17], [312034, 67], "2021-08-19 15:24:20"]
[[25905, 27], [0, 0], "2021-06-13 17:21:44.740554"]
[[1666, 15], [0, 0], "2021-03-24 08:11:14.351168"]
[[179152, 43], [0, 0], "2021-03-15"]
[[35033, 27], [35060, 49], "2021-07-03 18:29:07.512026"]
[[178992, 32], [179024, 6], "2021-03-15"]
[[228514, 9], [228523, 157], "2021-05-16 18:55:10.495489"]
[[35525, 9], [35534, 31], "2021-07-09 11:53:32.602020"]
[[186396, 24], [186420, 51], "2021-03-16"]
[[181447, 36], [181483, 12], "2021-03-15"]
[[163034, 17], [163051, 66], "2021-07-22 07:46:08.647414"]
[[190377, 28], [0, 0], "2021-03-15"]
[[15559, 9], [15568, 105], "2021-06-01 17:48:36.180430"]
[[188258, 28], [0, 0], "2021-03-15"]
[[232040, 9], [0, 0], "2021-07-28 19:00:41"]
[[187389, 23], [0, 0], "2021-03-15"]
[[271150, 15], [271165, 56], "2021-08-11 13:53:06"]
[[187044, 64], [187108, 90], "2021-02-26"]
[[183277, 53], [0, 0], "2021-02-26"]
[[35309, 17], [35326, 195], "2021-07-06 17:40:25.806891"]
[[311359, 40], [311399, 203], "2021-08-18 15:22:52"]
[[274247, 33], [274280, 25], "2021-08-12 08:08:23"]
[[187522, 87], [0, 0], "2021-03-15"]
[[27707, 20], [27727, 31], "2021-06-29 23:47:26.057537"]
[[188808, 28], [0, 0], "2021-03-19"]
[[183156, 29], [0, 0], "2021-03-15"]
[[310288, 22], [310310, 49], "2021-08-17 19:21:11"]
[[26806, 29], [26835, 110], "2021-06-02 15:39:09.630943"]
[[308116, 10], [232388, 7], "2021-08-15 22:25:36"]
[[183368, 17], [0, 0], "2021-03-15"]
[[185180, 18], [185198, 20], "2021-03-15"]
[[254533, 44], [254577, 15], "2021-08-04 21:46:18"]
[[186368, 15], [186383, 13], "2021-03-15"]
[[183889, 37], [183926, 48], "2021-03-18"]
[[14811, 44], [0, 0], "2021-06-14 19:33:32.505311"]
[[6003, 31], [6034, 96], "2021-06-16 21:35:20.234307"]
[[45602, 15], [45780, 170], "2021-07-11 18:11:52.898772"]
[[187689, 22], [0, 0], "2021-02-26"]
[[179121, 12], [0, 0], "2021-03-15"]
[[6819, 13], [6832, 15], "2021-03-15"]
[[7353, 15], [0, 0], "2021-05-01 15:20:50.245730"]
[[31424, 15], [31439, 36], "2021-07-03 18:31:13.666761"]
[[7328, 25], [0, 0], "2021-06-04 20:23:27.312219"]
[[176247, 14], [176261, 946], "2021-03-15"]
[[184180, 37], [0, 0], "2021-03-15"]
[[23794, 27], [23821, 12], "2021-06-18 19:06:09.724329"]
[[19363, 15], [19378, 17], "2021-06-12 15:29:11.863668"]
[[181676, 25], [181701, 130], "2021-03-15"]
[[25422, 12], [25434, 49], "2021-05-19 11:32:06.872239"]
[[13051, 12], [0, 0], "2021-03-15"]
[[14200, 48], [14248, 8], "2021-05-05 20:32:40.780882"]
[[181889, 12], [0, 0], "2021-03-15"]
[[187895, 57], [187952, 21], "2021-03-15"]
[[409221, 12], [0, 0], "2021-09-02 10:54:56"]
[[183405, 31], [183436, 102], "2021-03-15"]
[[29432, 12], [29444, 34], "2021-07-06 15:26:32.041473"]
[[29536, 15], [29551, 74], "2021-07-03 21:00:08.079040"]
[[197499, 35], [197534, 26], "2021-03-15"]
[[6193, 31], [0, 0], "2021-06-12 12:40:13.709355"]
[[228207, 15], [402716, 77], "2021-07-14 07:41:01.619306"]
[[263114, 32], [304782, 49], "2021-08-06 21:23:34"]
[[11066, 29], [0, 0], "2021-02-26"]
[[188751, 15], [0, 0], "2021-02-26"]
[[228758, 9], [0, 0], "2021-05-20 00:16:25.431372"]
[[178764, 31], [0, 0], "2021-03-19"]
[[36176, 12], [36188, 28], "2021-07-06 15:18:25.097856"]
[[228085, 12], [228097, 11], "2021-08-01 17:27:18"]
[[345272, 22], [345294, 38], "2021-08-24 14:48:46"]
[[274704, 8], [274712, 13], "2021-08-12 14:29:32"]
[[26787, 19], [0, 0], "2021-06-02 09:53:19.575211"]
[[13323, 15], [13338, 18], "2021-03-24 19:27:10.503428"]
[[17801, 15], [17816, 34], "2021-06-28 22:31:39.583447"]
[[310263, 12], [310275, 13], "2021-08-17 19:19:56"]
[[162274, 13], [162960, 74], "2021-07-21 12:27:21.100104"]
[[153713, 12], [153725, 11], "2021-07-19 17:00:19.921077"]
[[191046, 29], [191075, 32], "2021-03-18"]
[[27838, 10], [27848, 88], "2021-04-13 22:19:05.755351"]
[[248343, 20], [0, 0], "2021-08-04 08:18:39"]
[[14256, 46], [0, 0], "2021-03-15"]
[[187815, 24], [187839, 16], "2021-02-26"]
[[254445, 38], [254483, 15], "2021-08-04 21:36:40"]
[[7310, 8], [0, 0], "2021-04-24 20:36:56.533030"]
[[228463, 12], [228475, 39], "2021-05-16 22:43:59.718414"]
[[36277, 8], [36285, 24], "2021-07-07 20:03:49.615775"]
[[28854, 8], [104251, 269], "2021-07-14 17:21:22.370289"]
[[228367, 27], [0, 0], "2021-08-01 18:17:58"]
[[185320, 15], [185335, 42], "2021-03-15"]
[[191023, 12], [191035, 11], "2021-03-15"]
[[5650, 15], [5665, 35], "2021-02-26"]
[[18784, 12], [0, 0], "2021-03-15"]
[[197602, 8], [23373, 9], "2021-03-15"]
[[229591, 15], [0, 0], "2021-06-24 19:46:29.023950"]
[[17545, 28], [0, 0], "2021-06-25 08:21:22.327039"]
[[31764, 36], [31800, 68], "2021-07-03 18:24:50.472240"]
[[196175, 15], [196190, 25], "2021-03-15"]
[[19255, 24], [19279, 19], "2021-06-13 20:26:25.615084"]
[[13063, 8], [13071, 84], "2021-06-26 21:25:50.617792"]
[[179030, 58], [0, 0], "2021-03-15"]
[[182368, 27], [0, 0], "2021-03-15"]
[[11361, 12], [11373, 26], "2021-05-29 11:04:36.970750"]
[[178973, 8], [0, 0], "2021-03-15"]
[[7374, 8], [400101, 2066], "2021-03-28 22:55:59.086487"]
[[254790, 8], [254798, 31], "2021-08-04 22:13:25"]
[[2428, 12], [2440, 8], "2021-06-29 17:01:35.408585"]
[[191821, 12], [191833, 25], "2021-02-26"]
[[6442, 15], [6457, 35], "2021-05-20 08:27:11.590435"]
[[268532, 18], [268550, 28], "2021-08-11 13:38:17"]
[[162763, 8], [162791, 19], "2021-07-21 13:57:07.263466"]
[[196032, 9], [0, 0], "2021-03-02"]
[[25771, 8], [25779, 31], "2021-05-01 17:55:46.732932"]
[[6539, 30], [0, 0], "2021-03-15"]
[[13229, 15], [0, 0], "2021-06-20 22:59:42.274904"]
[[161784, 12], [161909, 89], "2021-07-20 21:23:10.741393"]
[[190788, 8], [0, 0], "2021-03-15"]
[[189607, 12], [0, 0], "2021-03-15"]
[[197594, 8], [0, 0], "2021-03-20"]
[[29025, 25], [29050, 4], "2021-07-04 20:04:30.186040"]
[[183185, 12], [0, 0], "2021-02-26"]
[[17573, 8], [17581, 29], "2021-03-15"]
[[25846, 34], [25880, 25], "2021-06-13 21:01:28.062770"]
[[188434, 15], [0, 0], "2021-03-15"]
[[357296, 15], [0, 0], "2021-08-29 22:22:27"]
[[188371, 15], [0, 0], "2021-02-26"]
[[403358, 15], [403373, 9], "2021-09-01 15:56:59"]
[[228343, 12], [228355, 12], "2021-08-01 17:22:44"]
[[187973, 8], [0, 0], "2021-03-15"]
[[309403, 30], [309433, 22], "2021-08-17 12:33:32"]
[[227670, 8], [0, 0], "1900-01-01"]
[[26673, 21], [26694, 38], "2021-06-02 12:49:57.819871"]
[[196930, 13], [196943, 12], "2021-03-15"]
[[190869, 31], [0, 0], "2021-03-15"]
[[302758, 48], [302806, 18], "2021-08-13 21:41:43"]
[[20530, 12], [20542, 21], "2021-03-15"]
[[152117, 15], [152132, 22], "2021-07-17 22:33:06.408027"]
[[191003, 20], [0, 0], "2021-02-26"]
[[29260, 20], [0, 0], "2021-07-07 10:13:41.078432"]
[[31701, 12], [31713, 51], "2021-07-03 18:17:04.446800"]
[[193531, 18], [193549, 73], "2021-03-15"]
[[239062, 31], [239093, 29], "2021-08-02 20:17:06"]
[[18602, 22], [18624, 160], "2021-06-24 13:34:01.663637"]
[[195376, 33], [195409, 44], "2021-03-16"]
[[198086, 31], [403685, 14], "2021-03-19"]
[[6631, 20], [6651, 96], "2021-06-21 12:04:39.682592"]
[[232425, 19], [232449, 326], "2021-07-28 19:00:41"]
[[32111, 22], [32133, 36], "2021-07-01 20:03:40.509329"]
[[19499, 20], [0, 0], "2021-06-21 00:30:43.309116"]
[[193432, 13], [0, 0], "2021-03-15"]
[[195557, 12], [0, 0], "2021-03-15"]
[[184645, 8], [184653, 50], "2021-03-15"]
[[195247, 13], [0, 0], "2021-03-15"]
[[183538, 58], [183596, 12], "2021-03-15"]
[[228767, 12], [0, 0], "2021-06-22 08:40:47.683971"]
[[184521, 13], [0, 0], "2021-03-15"]
[[35893, 12], [35905, 60], "2021-07-09 11:52:07.535802"]
[[197794, 15], [0, 0], "2021-03-15"]
[[44331, 15], [44346, 77], "2021-07-11 17:49:34.065846"]
[[245301, 15], [245316, 38], "2021-08-04 07:21:52"]
[[248596, 22], [248618, 48], "2021-08-04 12:06:28"]
[[5923, 20], [0, 0], "2021-06-29 21:42:36.659565"]
[[186116, 50], [0, 0], "2021-03-01"]
[[190900, 20], [190920, 73], "2021-03-15"]
[[162810, 10], [162820, 18], "2021-06-01 00:00:00:30.000000"]
[[6269, 20], [6289, 93], "2021-06-29 10:30:54.968407"]
[[14432, 36], [0, 0], "2021-06-11 13:01:50.264515"]
[[14403, 15], [14418, 14], "2021-04-18 21:22:19.575311"]
[[353212, 14], [353226, 20], "2021-08-25 13:40:49"]
[[184816, 18], [0, 0], "2021-03-15"]
[[186865, 65], [0, 0], "2021-03-16"]
[[191107, 20], [0, 0], "2021-03-15"]
[[312101, 15], [312116, 64], "2021-08-19 15:25:41"]
[[309330, 20], [309350, 25], "2021-08-17 11:32:13"]
[[35670, 15], [0, 0], "2021-07-09 12:13:07.136254"]
[[184534, 24], [0, 0], "2021-03-15"]
[[190667, 24], [0, 0], "2021-03-20"]
[[188008, 20], [188028, 31], "2021-03-15"]
[[186074, 42], [0, 0], "2021-03-15"]
[[182786, 15], [0, 0], "2021-03-19"]
[[6747, 27], [0, 0], "2021-06-15 07:21:29.163758"]
[[6492, 22], [0, 0], "2021-03-28 12:26:21.816783"]
[[191722, 31], [191753, 19], "2021-02-26"]
[[196558, 65], [196623, 307], "2021-03-15"]
[[178890, 36], [0, 0], "2021-03-16"]
[[5734, 22], [5756, 23], "2021-06-15 09:05:48.335192"]
[[20328, 12], [20340, 131], "2021-06-25 21:00:27.664266"]
[[191496, 27], [191523, 73], "2021-03-15"]
[[151884, 22], [151957, 105], "2021-07-17 19:44:07.491594"]
[[197909, 27], [0, 0], "2021-03-15"]
[[308056, 18], [308074, 38], "2021-08-15 18:21:59"]
[[187454, 25], [187479, 43], "2021-03-15"]
[[235348, 27], [235375, 36], "2021-08-01 19:04:27"]
[[35698, 9], [0, 0], "2021-07-09 12:05:55.728923"]
[[183385, 20], [0, 0], "2021-03-15"]
[[168045, 35], [168080, 30], "2021-07-24 08:50:23"]
[[228007, 16], [228023, 19], "2021-07-03 18:17:53.661370"]
[[194930, 35], [0, 0], "2021-03-15"]
[[170728, 11], [170739, 24], "2021-07-30 09:52:37"]
[[356309, 24], [356333, 44], "2021-08-29 15:14:10"]
[[262591, 18], [262609, 9], "2021-08-05 18:51:11"]
[[179269, 24], [0, 0], "2021-02-26"]
[[27093, 15], [0, 0], "2021-05-02 14:08:04.293663"]
[[194965, 13], [0, 0], "2021-03-15"]
[[353093, 24], [353117, 72], "2021-08-24 22:14:37"]
[[193971, 20], [0, 0], "2021-03-15"]
[[17994, 38], [0, 0], "2021-03-15"]
[[2335, 20], [2355, 66], "2021-03-24 11:33:19.884900"]
[[248363, 27], [403699, 223], "2021-08-04 11:54:40"]
[[186836, 29], [0, 0], "2021-03-15"]
[[195572, 20], [0, 0], "2021-03-15"]
[[5969, 20], [5989, 14], "2021-03-15"]
[[166819, 13], [199208, 36], "2021-07-23 15:04:28"]
[[198208, 20], [198228, 22], "2021-03-15"]
[[195223, 24], [0, 0], "2021-03-11"]
[[197857, 36], [197893, 16], "2021-03-15"]
[[30568, 22], [30590, 37], "2021-07-03 18:34:09.743908"]
[[195276, 18], [195294, 25], "2021-03-17"]
[[27128, 18], [27146, 11], "2021-05-28 21:55:59.501916"]
[[197936, 20], [0, 0], "2021-03-15"]
[[25483, 72], [25555, 168], "2021-03-15"]
[[184753, 18], [184771, 43], "2021-03-15"]
[[195836, 22], [0, 0], "2021-03-18"]
[[186801, 24], [0, 0], "2021-03-15"]
[[193625, 15], [0, 0], "2021-03-16"]
[[13205, 18], [0, 0], "2021-06-07 19:32:48.051859"]
[[144467, 22], [144489, 96], "2021-07-15 19:19:07.734051"]
[[14745, 20], [14765, 23], "2021-06-04 19:21:09.106723"]
[[341172, 19], [341191, 53], "2021-08-23 19:40:56"]
[[25723, 17], [25740, 31], "1900-01-01"]
[[187735, 13], [0, 0], "2021-02-26"]
[[27010, 56], [0, 0], "2021-06-02 18:08:46.224543"]
[[31076, 18], [31094, 67], "2021-07-07 20:02:57.061691"]
[[10116, 37], [0, 0], "2021-03-15"]
[[184451, 41], [184492, 29], "2021-03-18"]
[[1829, 18], [1847, 25], "2021-06-13 17:19:28.546826"]
[[227772, 21], [227793, 40], "2021-05-10 10:12:54.604356"]
[[188779, 20], [188799, 9], "2021-03-15"]
[[238905, 20], [238925, 78], "2021-08-02 20:15:23"]
[[239862, 22], [239884, 23], "2021-08-03 17:33:54"]
[[254616, 41], [254657, 63], "2021-08-04 21:51:36"]
[[35565, 24], [35589, 81], "2021-07-04 12:27:33.607844"]
[[21906, 22], [21928, 175], "2021-03-15"]
[[195890, 20], [195910, 122], "2021-03-15"]
[[199186, 22], [0, 0], "2021-07-31 22:27:28"]
[[188449, 20], [188469, 23], "2021-03-15"]
[[190796, 30], [0, 0], "2021-03-15"]
[[188933, 20], [188953, 67], "2021-03-19"]
[[34988, 36], [35024, 9], "2021-07-06 15:15:41.852982"]
[[3237, 18], [3255, 31], "2021-06-25 20:58:34.353614"]
[[186270, 36], [186306, 22], "2021-03-20"]
[[1455, 22], [0, 0], "2021-06-01 17:04:59.387015"]
[[15520, 22], [0, 0], "2021-04-30 18:50:43.088681"]
[[46068, 22], [46090, 46], "2021-07-11 18:15:52.995320"]
[[195607, 30], [0, 0], "2021-03-20"]
[[46473, 18], [46491, 18], "2021-07-11 18:29:48.379542"]
[[97981, 20], [8020, 5], "2021-07-13 18:29:52.357891"]
[[190691, 34], [0, 0], "2021-03-15"]
[[184217, 20], [0, 0], "2021-02-26"]
[[17349, 20], [17369, 4], "2021-05-08 22:33:20.833305"]
[[238730, 45], [238775, 15], "2021-08-02 08:26:45"]
[[185280, 16], [0, 0], "2021-03-01"]
[[46244, 27], [46271, 19], "2021-07-11 18:21:49.417011"]
[[6230, 18], [6248, 21], "2021-05-23 18:45:07.518334"]
[[235173, 13], [235186, 100], "2021-08-01 18:48:08"]
[[199815, 17], [199832, 31], "2021-08-01 17:26:22"]
[[152294, 18], [152312, 18], "2021-07-17 22:40:17.397023"]
[[310185, 22], [310207, 56], "2021-08-17 19:19:26"]
[[186243, 13], [0, 0], "2021-03-17"]
[[187439, 13], [0, 0], "2021-03-15"]
[[356809, 11], [356820, 49], "2021-08-29 16:04:07"]
[[27157, 31], [0, 0], "2021-04-26 12:57:40.495738"]
[[187000, 44], [0, 0], "2021-03-15"]
[[188766, 13], [0, 0], "2021-03-18"]
[[265834, 18], [0, 0], "2021-08-10 09:57:19"]
[[10160, 16], [10176, 20], "2021-06-29 10:39:47.241420"]
[[186328, 13], [0, 0], "2021-03-15"]
[[190640, 13], [0, 0], "2021-03-02"]
[[31207, 9], [31216, 15], "2021-07-06 00:56:40.885974"]
[[181536, 49], [0, 0], "2021-03-15"]
[[197619, 24], [0, 0], "2021-03-15"]
[[403922, 15], [403937, 92], "2021-09-01 18:13:16"]
[[191862, 18], [0, 0], "2021-03-15"]
[[17864, 13], [17877, 30], "2021-04-30 19:49:59.865258"]
[[195024, 54], [195078, 41], "2021-03-15"]
[[183197, 13], [183210, 37], "2021-03-15"]
[[185029, 13], [185042, 49], "2021-03-15"]
[[238790, 13], [0, 0], "2021-08-02 12:11:21"]
[[229578, 13], [0, 0], "2021-08-01 18:21:49"]
[[263602, 3], [263605, 14], "2021-08-07 19:45:44"]
[[195119, 3], [195122, 9], "2021-03-15"]
[[11095, 13], [152803, 31], "2021-03-16"]
[[15469, 13], [15482, 29], "2021-05-28 11:32:39.683241"]
[[35685, 13], [0, 0], "2021-07-04 12:26:28.622580"]
[[81885, 13], [336202, 88], "2021-07-13 14:32:46.645935"]
[[14339, 18], [0, 0], "2021-06-07 10:33:15.139167"]
[[184020, 24], [0, 0], "2021-02-26"]
[[19304, 39], [0, 0], "2021-05-26 20:40:48.587820"]
[[1605, 16], [0, 0], "2021-04-19 09:16:43.893213"]
[[26556, 21], [26577, 25], "2021-03-15"]
[[182615, 35], [182650, 39], "2021-03-15"]
[[197560, 24], [197584, 10], "2021-03-19"]
[[181385, 18], [181403, 44], "2021-03-06"]
[[227971, 13], [227984, 23], "2021-06-26 22:56:50.390524"]
[[197663, 13], [197676, 33], "2021-03-15"]
[[191772, 14], [191786, 18], "2021-03-15"]
[[193168, 16], [0, 0], "2021-03-15"]
[[274305, 15], [274320, 43], "2021-08-12 13:56:31"]
[[187789, 26], [0, 0], "2021-03-15"]
[[31581, 9], [31590, 111], "2021-07-02 21:26:28.502342"]
[[179357, 26], [179383, 16], "2021-03-15"]
[[11433, 13], [11446, 57], "2021-06-22 08:42:13.868175"]
[[190725, 16], [190741, 47], "2021-02-26"]
[[152156, 16], [152172, 18], "2021-07-17 22:33:54.447599"]
[[14553, 13], [14566, 57], "2021-06-29 10:18:15.334213"]
[[178926, 13], [178939, 34], "2021-03-15"]
[[162115, 13], [162128, 28], "2021-07-21 09:49:01.544695"]
[[162255, 19], [0, 0], "2021-07-21 10:10:37.722013"]
[[27758, 6], [27764, 74], "2021-03-15"]
[[44251, 16], [44267, 64], "2021-07-11 17:47:44.418772"]
[[189434, 11], [0, 0], "2021-03-11 14:35:38.008915"]
[[5943, 26], [0, 0], "2021-06-26 08:56:56.997571"]
[[193508, 15], [193523, 8], "2021-03-15"]
[[181876, 13], [0, 0], "2021-03-15"]
[[179339, 13], [0, 0], "2021-03-15"]
[[170191, 9], [170200, 42], "2021-07-26 11:46:18"]
[[10812, 16], [0, 0], "2021-06-15 07:40:45.341696"]
[[15456, 13], [0, 0], "2021-05-27 18:20:26.371165"]
[[28693, 35], [0, 0], "2021-05-31 23:42:22.387701"]
[[199024, 13], [199037, 10], "2021-07-31 19:33:48"]
[[183820, 23], [0, 0], "2021-03-16"]
[[198003, 18], [198021, 65], "2021-03-15"]
[[162638, 24], [239618, 120], "2021-07-21 13:50:48.697621"]
[[175421, 9], [0, 0], "2021-02-26"]
[[186938, 16], [0, 0], "2021-03-15"]
[[26945, 48], [26993, 12], "2021-06-30 22:42:58.334098"]
[[18959, 38], [18997, 38], "2021-06-29 10:10:35.416443"]
[[14712, 16], [14728, 17], "2021-03-25 08:06:31.581325"]
[[254592, 13], [254605, 11], "2021-08-04 21:49:57"]
[[154556, 27], [0, 0], "2021-07-20 08:15:11.526137"]
[[197809, 24], [197833, 24], "2021-03-15"]
[[170077, 21], [170098, 21], "2021-07-24 23:29:07"]
[[193326, 26], [0, 0], "2021-03-15"]
[[404452, 26], [404478, 56], "2021-09-01 19:43:20"]
[[198190, 16], [0, 0], "2021-03-15"]
[[198250, 16], [0, 0], "2021-03-15"]
[[11313, 16], [0, 0], "2021-04-30 18:41:12.869204"]
[[14468, 31], [14499, 35], "2021-06-25 21:02:06.300674"]
[[190074, 24], [190098, 252], "2021-03-15"]
[[181626, 16], [181642, 34], "2021-03-15"]
[[1621, 43], [0, 0], "2021-06-18 17:23:12.252960"]
[[45363, 16], [45430, 172], "2021-07-11 18:06:17.753941"]
[[193247, 30], [0, 0], "2021-03-19"]
[[29213, 17], [29230, 30], "2021-07-07 10:12:36.428206"]
[[193465, 16], [0, 0], "2021-03-16"]
[[21449, 24], [0, 0], "2021-04-30 18:29:42.387887"]
[[35970, 16], [35986, 48], "2021-07-03 18:22:51.019210"]
[[171105, 8], [171113, 41], "2021-07-30 23:45:19"]
[[179088, 33], [0, 0], "2021-03-15"]
[[254720, 16], [254736, 54], "2021-08-04 21:56:45"]
[[185893, 16], [185909, 165], "2021-02-26"]
[[263796, 24], [263820, 10], "2021-08-08 21:25:22"]
[[1671, 10], [0, 0], "2021-08-17 08:27:02"]
[[6569, 16], [0, 0], "2021-03-22"]
[[187711, 24], [0, 0], "2021-03-18"]
[[16129, 4], [337138, 479], "2021-06-15 16:04:33.654539"]
[[6134, 29], [6163, 26], "2021-05-19 21:27:04.091864"]
[[18055, 4], [46513, 149], "2021-05-20 21:52:50.694757"]
[[239003, 16], [239019, 43], "2021-08-02 20:16:13"]
[[25372, 50], [0, 0], "2021-05-16 08:23:41.011160"]
[[197956, 4], [197960, 43], "2021-03-15"]
[[11194, 9], [11203, 96], "2021-06-28 15:38:28.475325"]
[[21537, 16], [0, 0], "2021-06-25 14:06:40.476087"]
[[179399, 28], [179427, 46], "2021-03-15"]
[[186471, 16], [186487, 120], "2021-03-15"]
[[21553, 4], [175430, 46], "2021-03-15"]
[[356226, 9], [356235, 57], "2021-08-29 13:46:17"]
[[166744, 4], [199707, 108], "2021-07-23 14:44:39"]
[[3114, 10], [152580, 130], "2021-03-24 10:39:29.574522"]
[[170598, 18], [170616, 10], "2021-07-29 21:29:49"]
[[21277, 4], [79435, 112], "2021-03-22"]
[[36216, 28], [36244, 33], "2021-07-07 19:47:37.658401"]
[[177207, 4], [177211, 68], "2021-03-15"]
[[345377, 36], [345413, 80], "2021-08-24 14:52:46"]
[[12891, 4], [12895, 156], "2021-05-29 18:55:25.963928"]
[[186166, 16], [186182, 61], "2021-03-15"]
[[1816, 10], [0, 0], "2021-04-30 18:39:05.512086"]
[[409389, 6], [409395, 21], "2021-09-02 23:46:08"]