[[730, 2], [[181834, 17], [25723, 17], [190074, 24]]]
[[1477, 9], [[20197, 16], [152755, 15], [18143, 16], [3331, 26], [22103, 16], [12510, 28], [25202, 10], [78732, 13], [12798, 10], [17449, 10], [20730, 10], [23833, 18], [26199, 36], [20284, 10], [17707, 14], [26241, 47], [26014, 8], [13244, 16], [13772, 29], [3199, 14], [18378, 5], [28998, 27], [11399, 30], [13548, 5], [1489, 21], [13356, 16], [6585, 21], [10079, 9], [1563, 14], [1716, 28], [23709, 21], [14165, 32], [26512, 44], [25946, 44], [1685, 31], [26412, 21], [27188, 36], [27936, 11], [27468, 11], [11108, 19], [3093, 21], [12560, 19], [26123, 24], [14788, 21], [20498, 14], [2002, 38], [20069, 21], [17850, 14], [19473, 9], [17524, 21], [2307, 21], [26602, 22], [162187, 19], [9997, 19], [26288, 13], [19298, 6], [17610, 19], [19882, 6], [3520, 6], [17425, 12], [13155, 18], [25932, 14], [20572, 19], [79094, 19], [7525, 14], [11503, 28], [15193, 21], [12664, 14], [26732, 29], [2450, 17], [14357, 14], [20655, 35], [14672, 38], [19395, 24], [27661, 17], [20171, 26], [10828, 26], [28728, 42], [18032, 23], [15511, 9], [20773, 23], [6382, 25], [28770, 31], [28816, 30], [19090, 23], [16604, 8], [20050, 19], [23498, 11], [19056, 23], [12498, 11], [14137, 28], [1979, 23], [9944, 17], [19343, 17], [27576, 45], [27066, 14], [28846, 16], [25990, 24], [28620, 20], [6914, 17], [14302, 19], [1872, 7], [15673, 7], [26439, 14], [11329, 17], [12657, 7], [28390, 18], [12579, 35], [14855, 7], [1791, 25], [77585, 7], [19117, 7], [21553, 7], [20031, 17], [14128, 7], [6514, 25], [13182, 17], [3289, 31], [25905, 27], [1666, 15], [15559, 9], [27707, 20], [26806, 29], [14811, 44], [6003, 31], [6819, 13], [7353, 15], [7328, 25], [23794, 27], [19363, 15], [25422, 12], [13051, 12], [14200, 48], [6193, 31], [11066, 29], [26787, 19], [13323, 15], [17801, 15], [27838, 10], [14256, 46], [7310, 8], [5650, 15], [18784, 12], [17545, 28], [19255, 24], [13063, 8], [11361, 12], [7374, 8], [2428, 12], [6442, 15], [25771, 8], [6539, 30], [13229, 15], [17573, 8], [25846, 34], [26673, 21], [20530, 12], [18602, 22], [6631, 20], [19499, 20], [5923, 20], [6269, 20], [14432, 36], [14403, 15], [6747, 27], [6492, 22], [5734, 22], [20328, 12], [27093, 15], [17994, 38], [2335, 20], [5969, 20], [27128, 18], [25483, 72], [13205, 18], [14745, 20], [25723, 17], [27010, 56], [10116, 37], [1829, 18], [21906, 22], [3237, 18], [1455, 22], [15520, 22], [17349, 20], [6230, 18], [27157, 31], [10160, 16], [17864, 13], [11095, 13], [15469, 13], [14339, 18], [19304, 39], [1605, 16], [26556, 21], [11433, 13], [14553, 13], [27758, 6], [5943, 26], [10812, 16], [15456, 13], [28693, 35], [26945, 48], [18959, 38], [14712, 16], [11313, 16], [14468, 31], [1621, 43], [21449, 24], [6569, 16], [16129, 4], [6134, 29], [18055, 4], [25372, 50], [11194, 9], [21537, 16], [3114, 10], [21277, 4], [12891, 4], [1816, 10]]]
[[395, 2], [[183029, 29], [13244, 16], [197166, 9], [17425, 12], [185115, 33], [266737, 11], [29085, 11], [29054, 19], [196032, 9], [29025, 25], [190869, 31], [193531, 18], [197794, 15], [20328, 12], [1455, 22], [17349, 20], [197809, 24], [11313, 16]]]
[[1486, 3], [[1455, 22]]]
[[1455, 2], [[1455, 22]]]
[[1482, 4], [[20197, 16], [152755, 15], [22103, 16], [23833, 18], [28998, 27], [13548, 5], [1489, 21], [23709, 21], [14165, 32], [27188, 36], [11108, 19], [26123, 24], [14788, 21], [20498, 14], [19473, 9], [19882, 6], [20572, 19], [79094, 19], [11503, 28], [15193, 21], [12664, 14], [2450, 17], [15511, 9], [19090, 23], [16604, 8], [20050, 19], [19056, 23], [12498, 11], [9944, 17], [14302, 19], [15673, 7], [14855, 7], [20031, 17], [14128, 7], [13182, 17], [3289, 31], [1666, 15], [6819, 13], [13051, 12], [11066, 29], [13323, 15], [27838, 10], [14256, 46], [5650, 15], [18784, 12], [7374, 8], [6539, 30], [17573, 8], [20530, 12], [14403, 15], [6492, 22], [17994, 38], [2335, 20], [5969, 20], [25483, 72], [25723, 17], [10116, 37], [21906, 22], [11095, 13], [1605, 16], [26556, 21], [27758, 6], [14712, 16], [6569, 16], [3114, 10], [21277, 4]]]
[[1555, 2], [[1489, 21], [358913, 14]]]
[[1557, 6], [[1489, 21], [195782, 19]]]
[[1490, 3], [[1489, 21]]]
[[1598, 7], [[311937, 31], [193481, 10], [29478, 33], [17449, 10], [26241, 47], [178795, 5], [10079, 9], [1563, 14], [1716, 28], [29114, 15], [26512, 44], [25946, 44], [171262, 32], [2002, 38], [17524, 21], [9997, 19], [25932, 14], [26732, 29], [265340, 14], [277427, 28], [162334, 19], [28728, 42], [20773, 23], [28770, 31], [28816, 30], [409318, 31], [23498, 11], [1979, 23], [27576, 45], [27066, 14], [28846, 16], [238803, 29], [25990, 24], [28620, 20], [6914, 17], [171236, 26], [189574, 22], [26439, 14], [28390, 18], [1791, 25], [25905, 27], [274247, 33], [26806, 29], [14811, 44], [187689, 22], [179121, 12], [29432, 12], [29536, 15], [274704, 8], [26787, 19], [162274, 13], [17545, 28], [19255, 24], [6442, 15], [196032, 9], [18602, 22], [19499, 20], [186116, 50], [184534, 24], [6747, 27], [166819, 13], [27128, 18], [184753, 18], [27010, 56], [238730, 45], [356809, 11], [27157, 31], [238790, 13], [162255, 19], [10812, 16], [162638, 24], [198250, 16], [197956, 4], [345377, 36]]]
[[1564, 3], [[1563, 14]]]
[[1452, 3], [[1563, 14], [185115, 33], [29054, 19], [179133, 19], [196032, 9], [197594, 8]]]
[[1612, 2], [[1605, 16]]]
[[1606, 3], [[1605, 16]]]
[[1615, 2], [[1605, 16]]]
[[762, 2], [[185296, 24], [188558, 10], [97307, 23], [23709, 21], [248249, 32], [364510, 37], [1685, 31], [196325, 26], [195173, 18], [195486, 21], [235289, 14], [182440, 42], [198179, 11], [46224, 20], [45950, 11], [196351, 17], [176247, 14], [25422, 12], [248343, 20], [188371, 15], [29260, 20], [198086, 31], [245301, 15], [248596, 22], [248363, 27], [195223, 24], [144467, 22], [15456, 13], [254592, 13], [1621, 43], [29213, 17], [21449, 24], [11194, 9]]]
[[1664, 2], [[264189, 9], [148167, 5], [195815, 21], [97307, 23], [1685, 31], [188131, 14], [179596, 14], [46353, 35], [188923, 7], [14200, 48], [25846, 34], [14745, 20], [152294, 18], [19304, 39], [15456, 13], [1621, 43], [11194, 9]]]
[[1623, 2], [[1621, 43]]]
[[1671, 6], [[1666, 15]]]
[[1681, 4], [[181966, 21], [2307, 21], [1666, 15], [308116, 10], [341172, 19], [1671, 10]]]
[[1708, 4], [[1685, 31]]]
[[1783, 6], [[311937, 31], [3331, 26], [254318, 10], [29478, 33], [17449, 10], [26241, 47], [104217, 21], [6585, 21], [10079, 9], [185424, 35], [1716, 28], [29114, 15], [26512, 44], [403007, 21], [25946, 44], [170731, 8], [26412, 21], [308178, 26], [237545, 92], [171262, 32], [2002, 38], [17524, 21], [9997, 19], [238832, 36], [25932, 14], [26732, 29], [14357, 14], [168616, 19], [277427, 28], [27661, 17], [162334, 19], [28728, 42], [18032, 23], [20773, 23], [171059, 14], [6382, 25], [28770, 31], [28816, 30], [409318, 31], [23498, 11], [1979, 23], [27576, 45], [27066, 14], [28846, 16], [238803, 29], [25990, 24], [28620, 20], [6914, 17], [171236, 26], [14302, 19], [188065, 41], [26439, 14], [28390, 18], [1791, 25], [25905, 27], [163034, 17], [232040, 9], [274247, 33], [27707, 20], [26806, 29], [14811, 44], [13051, 12], [29432, 12], [29536, 15], [178764, 31], [26787, 19], [162274, 13], [191046, 29], [28854, 8], [17545, 28], [19255, 24], [6442, 15], [268532, 18], [26673, 21], [239062, 31], [18602, 22], [195376, 33], [6631, 20], [232425, 19], [19499, 20], [5923, 20], [14432, 36], [14403, 15], [6747, 27], [5734, 22], [308056, 18], [235348, 27], [170728, 11], [27093, 15], [166819, 13], [195276, 18], [27128, 18], [193625, 15], [27010, 56], [184451, 41], [1829, 18], [238730, 45], [356809, 11], [27157, 31], [17864, 13], [238790, 13], [14339, 18], [162255, 19], [10812, 16], [28693, 35], [199024, 13], [183820, 23]]]
[[1789, 2], [[311937, 31], [3331, 26], [254318, 10], [29478, 33], [17449, 10], [254829, 10], [26241, 47], [104217, 21], [13772, 29], [10079, 9], [311602, 23], [185424, 35], [1716, 28], [29114, 15], [26512, 44], [403007, 21], [25946, 44], [170731, 8], [26412, 21], [308178, 26], [227833, 23], [353189, 23], [237545, 92], [171262, 32], [2002, 38], [17524, 21], [245240, 19], [9997, 19], [238832, 36], [25932, 14], [26732, 29], [265340, 14], [168616, 19], [277427, 28], [27661, 17], [162334, 19], [28728, 42], [18032, 23], [20773, 23], [6382, 25], [28770, 31], [28816, 30], [409318, 31], [23498, 11], [1979, 23], [27576, 45], [27066, 14], [28846, 16], [265731, 23], [238803, 29], [25990, 24], [28620, 20], [6914, 17], [171236, 26], [26439, 14], [28390, 18], [25905, 27], [163034, 17], [274247, 33], [27707, 20], [26806, 29], [14811, 44], [7328, 25], [23794, 27], [19363, 15], [29432, 12], [29536, 15], [178764, 31], [345272, 22], [274704, 8], [26787, 19], [162274, 13], [191046, 29], [28854, 8], [17545, 28], [19255, 24], [6442, 15], [268532, 18], [309403, 30], [26673, 21], [239062, 31], [18602, 22], [195376, 33], [6631, 20], [19499, 20], [309330, 20], [6747, 27], [5734, 22], [308056, 18], [235348, 27], [170728, 11], [27093, 15], [166819, 13], [195276, 18], [27128, 18], [193625, 15], [341172, 19], [27010, 56], [184451, 41], [1829, 18], [238730, 45], [356809, 11], [265834, 18], [238790, 13], [14339, 18], [274305, 15], [162255, 19], [10812, 16], [28693, 35], [183820, 23], [162638, 24], [345377, 36]]]
[[332, 1], [[29672, 15], [189031, 22], [266696, 26], [29775, 37], [151826, 24], [29721, 14], [227935, 21], [161730, 17], [179195, 23], [11329, 17], [187815, 24], [6269, 20], [151884, 22], [194965, 13], [184753, 18], [179339, 13], [187711, 24], [1816, 10]]]
[[1816, 3], [[1816, 10]]]
[[1826, 3], [[1816, 10]]]
[[1829, 3], [[29826, 10], [26014, 8], [1872, 7], [309403, 30]]]
[[1716, 3], [[18143, 16], [26014, 8], [27936, 11], [27468, 11], [17850, 14], [26288, 13], [19882, 6], [97484, 25], [1872, 7]]]
[[1973, 6], [[18143, 16], [26014, 8], [27936, 11], [27468, 11], [17850, 14], [26288, 13], [19882, 6], [1872, 7]]]
[[2328, 7], [[179293, 27], [175317, 42], [170637, 33], [17707, 14], [409349, 26], [13772, 29], [311602, 23], [186954, 46], [227856, 20], [316509, 14], [12560, 19], [227833, 23], [353189, 23], [2307, 21], [188668, 14], [185148, 19], [179320, 19], [195131, 37], [276124, 25], [265731, 23], [195689, 18], [188241, 17], [317279, 16], [403095, 28], [232040, 9], [23794, 27], [19363, 15], [181889, 12], [345272, 22], [25846, 34], [232425, 19], [186865, 65], [309330, 20], [186074, 42], [178890, 36], [308056, 18], [341172, 19], [190691, 34], [6230, 18], [265834, 18], [19304, 39], [187789, 26], [404452, 26], [1671, 10], [170598, 18], [345377, 36]]]
[[2335, 5], [[2335, 20]]]
[[1167, 3], [[189607, 12], [2335, 20], [25483, 72]]]
[[2421, 7], [[2335, 20]]]
[[2448, 2], [[339539, 26], [228207, 15], [2428, 12], [30568, 22]]]
[[831, 2], [[309965, 13], [2428, 12], [26945, 48]]]
[[840, 6], [[12510, 28], [6585, 21], [27188, 36], [267422, 9], [227656, 14], [20498, 14], [17850, 14], [187237, 30], [2450, 17], [183247, 19], [14357, 14], [196124, 11], [189574, 22], [195858, 32], [188065, 41], [374177, 13], [187689, 22], [13051, 12], [11066, 29], [228367, 27], [229591, 15], [6539, 30], [5923, 20], [14432, 36], [353212, 14], [235348, 27], [17994, 38], [195223, 24], [199186, 22], [17864, 13], [229578, 13], [26556, 21], [5943, 26], [6569, 16]]]
[[2559, 1], [[404303, 15], [16151, 9], [23833, 18], [254498, 21], [228731, 11], [189020, 11], [31161, 19], [19090, 23], [16604, 8], [14137, 28], [15673, 7], [228042, 25], [77585, 7], [15559, 9], [311359, 40], [188751, 15], [228758, 9], [14256, 46], [228767, 12], [228007, 16], [31076, 18], [15520, 22], [10160, 16], [263602, 3], [81885, 13], [16129, 4], [6134, 29], [21537, 16]]]
[[3052, 3], [[170598, 18]]]
[[3059, 3], [[188218, 23], [141316, 11], [161784, 12]]]
[[3100, 7], [[3093, 21]]]
[[1368, 6], [[3093, 21]]]
[[3196, 3], [[152755, 15], [19473, 9], [15511, 9], [154141, 13], [356309, 24], [11095, 13], [199024, 13], [1671, 10], [3114, 10]]]
[[2793, 4], [[193491, 9], [3199, 14], [31375, 29], [31339, 19], [355204, 28], [31231, 7], [320711, 17], [15559, 9], [31424, 15], [168045, 35], [179269, 24], [238905, 20], [188933, 20], [183197, 13], [227971, 13], [170191, 9], [171105, 8], [409389, 6]]]
[[3213, 6], [[3199, 14]]]
[[538, 2], [[182597, 9], [13356, 16], [11361, 12], [20530, 12], [3237, 18], [188766, 13], [14468, 31]]]
[[892, 6], [[3237, 18]]]
[[3286, 3], [[3237, 18]]]
[[3320, 3], [[3289, 31], [190725, 16]]]
[[3289, 4], [[228042, 25], [3289, 31]]]
[[5474, 6], [[3520, 6]]]
[[3520, 4], [[3520, 6]]]
[[3948, 5], [[3520, 6], [152156, 16]]]
[[2101, 2], [[166984, 14], [310383, 14]]]
[[5657, 4], [[5650, 15]]]
[[5650, 6], [[5650, 15]]]
[[1425, 6], [[5650, 15], [194965, 13]]]
[[5709, 2], [[195592, 10]]]
[[2952, 8], [[25202, 10]]]
[[5969, 3], [[5969, 20]]]
[[6003, 5], [[196955, 22], [6003, 31]]]
[[716, 5], [[16151, 9], [6003, 31], [46068, 22]]]
[[6130, 4], [[6003, 31]]]
[[6189, 4], [[6134, 29]]]
[[6134, 4], [[6134, 29]]]
[[6224, 6], [[26199, 36], [409349, 26], [227856, 20], [227833, 23], [353189, 23], [227879, 24], [276124, 25], [31501, 38], [317279, 16], [403095, 28], [6193, 31], [345377, 36]]]
[[1442, 2], [[20284, 10], [151826, 24], [186116, 50], [6269, 20], [151884, 22]]]
[[6269, 4], [[6269, 20]]]
[[6492, 6], [[6492, 22]]]
[[6514, 5], [[6514, 25], [254790, 8], [183385, 20], [179357, 26]]]
[[650, 4], [[152755, 15], [23709, 21], [14302, 19], [312017, 17], [6819, 13], [13051, 12], [17801, 15], [25771, 8], [228767, 12], [312101, 15], [11095, 13], [44251, 16]]]
[[1795, 6], [[311602, 23], [186954, 46], [179320, 19], [265731, 23], [309403, 30], [178890, 36], [265834, 18], [274305, 15]]]
[[577, 6], [[263555, 5], [228514, 9], [31581, 9]]]
[[846, 3], [[228680, 5], [31375, 29], [170153, 17], [228514, 9]]]
[[7318, 2], [[185218, 62], [12579, 35], [187389, 23], [7310, 8], [191003, 20], [187000, 44]]]
[[7310, 3], [[7310, 8]]]
[[7320, 4], [[7310, 8]]]
[[7324, 4], [[7310, 8]]]
[[7333, 1], [[183330, 14], [7328, 25], [14256, 46]]]
[[7368, 4], [[7353, 15], [44251, 16]]]
[[7361, 2], [[7353, 15], [170191, 9]]]
[[7372, 2], [[7353, 15]]]
[[2513, 2], [[193481, 10], [16151, 9], [20730, 10], [389501, 17], [31868, 33], [87780, 58], [195815, 21], [8500, 5], [262489, 32], [191880, 21], [20069, 21], [185879, 14], [26602, 22], [152875, 19], [7525, 14], [186825, 11], [183354, 14], [31986, 13], [195453, 33], [187674, 15], [191681, 28], [19117, 7], [21553, 7], [253935, 17], [183156, 29], [183368, 17], [179121, 12], [185320, 15], [31764, 36], [7374, 8], [162763, 8], [25771, 8], [31701, 12], [193432, 13], [184645, 8], [184534, 24], [248363, 27], [186836, 29], [191772, 14], [198250, 16], [181626, 16], [21449, 24], [197956, 4], [21537, 16], [21553, 4]]]
[[3998, 2], [[32089, 5], [8500, 5], [152875, 19], [400090, 11], [12498, 11], [31231, 7], [19117, 7], [21553, 7], [32043, 7], [7374, 8], [254790, 8], [18055, 4], [166744, 4]]]
[[9919, 4], [[29826, 10], [32089, 5], [254904, 11], [21553, 7], [7374, 8], [32111, 22], [21906, 22], [81885, 13], [18055, 4]]]
[[6076, 5], [[193481, 10], [20730, 10], [389501, 17], [8500, 5], [262489, 32], [162187, 19], [142123, 23], [31986, 13], [400090, 11], [242519, 11], [170043, 7], [253935, 17], [179121, 12], [263114, 32], [7374, 8], [403358, 15], [184534, 24], [262591, 18], [239862, 22], [193168, 16], [154556, 27], [198250, 16], [197956, 4]]]
[[1560, 3], [[162187, 19]]]
[[9948, 3], [[9944, 17], [228300, 9]]]
[[9962, 3], [[9944, 17]]]
[[9944, 3], [[9944, 17]]]
[[10153, 4], [[14855, 7], [10116, 37], [12891, 4]]]
[[10157, 3], [[10116, 37], [12891, 4]]]
[[10140, 1], [[10116, 37]]]
[[10160, 5], [[10160, 16]]]
[[615, 3], [[18143, 16], [78732, 13], [228720, 11], [10749, 16], [263602, 3]]]
[[11020, 10], [[10828, 26]]]
[[21, 2], [[183974, 14], [263050, 14], [10828, 26], [181447, 36], [312101, 15], [34988, 36], [310185, 22]]]
[[387, 2], [[152755, 15], [186341, 27], [179218, 47], [154141, 13], [19056, 23], [181834, 17], [11095, 13], [198190, 16]]]
[[11190, 4], [[11108, 19], [198190, 16]]]
[[11120, 4], [[11108, 19]]]
[[5937, 2], [[179293, 27], [11194, 9]]]
[[11309, 4], [[170576, 10], [170626, 11], [154141, 13], [184558, 23], [13063, 8], [29025, 25], [193508, 15]]]
[[11313, 3], [[11313, 16]]]
[[11329, 4], [[11329, 17]]]
[[11346, 1], [[11329, 17]]]
[[11373, 3], [[195734, 10], [161730, 17], [11361, 12], [20530, 12], [197809, 24]]]
[[11361, 2], [[11361, 12], [186270, 36]]]
[[11364, 2], [[11361, 12]]]
[[11429, 4], [[170576, 10], [266632, 22], [11399, 30], [20171, 26], [266737, 11], [197560, 24]]]
[[11403, 4], [[11399, 30]]]
[[524, 2], [[193481, 10], [20730, 10], [196955, 22], [195815, 21], [8500, 5], [183974, 14], [185847, 32], [142123, 23], [186825, 11], [400090, 11], [242519, 11], [195453, 33], [187674, 15], [170043, 7], [191681, 28], [186396, 24], [163034, 17], [183156, 29], [179121, 12], [184180, 37], [187895, 57], [403358, 15], [193432, 13], [184645, 8], [184534, 24], [262591, 18], [186836, 29], [239862, 22], [97981, 20], [191772, 14], [193168, 16], [11433, 13], [193508, 15], [154556, 27], [198250, 16], [181626, 16], [197956, 4]]]
[[7732, 3], [[389501, 17], [142123, 23], [253935, 17], [11433, 13]]]
[[11439, 3], [[11433, 13]]]
[[11531, 12], [[11503, 28]]]
[[10563, 2], [[16151, 9], [327570, 14], [10749, 16], [263602, 3], [16129, 4]]]
[[12509, 1], [[12498, 11], [166744, 4]]]
[[11061, 1], [[12498, 11]]]
[[6213, 7], [[12560, 19]]]
[[12653, 4], [[12579, 35]]]
[[760, 7], [[195486, 21], [12579, 35], [176247, 14], [183405, 31], [198003, 18], [193465, 16]]]
[[3131, 2], [[179293, 27], [148167, 5], [18378, 5], [74227, 14], [15193, 21], [35112, 39], [19395, 24], [12657, 7], [170569, 7], [35033, 27], [45602, 15], [13229, 15], [15469, 13], [15456, 13], [45363, 16]]]
[[35, 2], [[74227, 14], [15673, 7], [12657, 7], [254533, 44], [254720, 16]]]
[[12678, 2], [[12664, 14], [20031, 17], [187439, 13]]]
[[11941, 2], [[196325, 26], [311359, 40], [254533, 44]]]
[[3127, 2], [[179293, 27], [12798, 10], [46423, 32], [13772, 29], [364510, 37], [14788, 21], [74227, 14], [15193, 21], [46353, 35], [19395, 24], [35197, 9], [191596, 19], [46224, 20], [19343, 17], [25422, 12], [29260, 20], [245301, 15], [144467, 22], [14745, 20], [235173, 13], [152294, 18], [19304, 39], [404452, 26]]]
[[6251, 2], [[12798, 10]]]
[[12891, 4], [[229613, 18], [35309, 17], [188449, 20], [12891, 4]]]
[[10027, 2], [[13063, 8]]]
[[13063, 2], [[35309, 17], [13063, 8]]]
[[7887, 2], [[13063, 8], [171105, 8]]]
[[13180, 2], [[13155, 18]]]
[[8416, 2], [[13155, 18]]]
[[13199, 3], [[13182, 17]]]
[[13189, 5], [[13182, 17]]]
[[13182, 4], [[13182, 17]]]
[[13202, 3], [[13182, 17]]]
[[13223, 6], [[13205, 18]]]
[[13205, 2], [[228779, 7], [13205, 18]]]
[[3294, 2], [[254498, 21], [13229, 15]]]
[[13232, 2], [[13229, 15]]]
[[13237, 2], [[13229, 15]]]
[[13244, 3], [[13244, 16]]]
[[13252, 2], [[13244, 16], [228300, 9]]]
[[471, 4], [[13323, 15]]]
[[7799, 2], [[268356, 10], [74386, 29], [13356, 16], [35525, 9], [20328, 12], [356309, 24], [14468, 31]]]
[[4701, 2], [[13356, 16], [170569, 7], [193531, 18], [14468, 31]]]
[[13551, 2], [[13548, 5]]]
[[13548, 2], [[13548, 5]]]
[[14135, 2], [[14128, 7]]]
[[2735, 3], [[14137, 28], [183368, 17], [185320, 15], [191862, 18]]]
[[14146, 2], [[14137, 28]]]
[[14197, 3], [[185167, 12], [14165, 32]]]
[[3196, 2], [[166193, 16], [266632, 22], [265807, 24], [345347, 19], [166984, 14], [310383, 14], [254498, 21], [162066, 17], [266535, 11], [311872, 29], [195689, 18], [182013, 36], [309375, 7], [35309, 17], [14200, 48], [183185, 12], [357296, 15], [302758, 48], [191107, 20], [356309, 24], [179269, 24], [197936, 20], [186243, 13], [31207, 9], [15469, 13], [152156, 16], [170077, 21], [263796, 24]]]
[[1703, 2], [[14200, 48]]]
[[2516, 2], [[31868, 33], [31986, 13], [304883, 9], [242519, 11], [228417, 9], [253935, 17], [312017, 17], [311359, 40], [14256, 46], [228463, 12], [162763, 8], [31701, 12], [312101, 15], [179269, 24], [310185, 22], [21553, 4]]]
[[241, 2], [[188208, 10], [185167, 12], [197166, 9], [187412, 27], [161998, 21], [193184, 21], [197499, 35], [228758, 9], [228343, 12], [35670, 15], [25483, 72], [35565, 24], [46068, 22], [14553, 13]]]
[[4010, 2], [[152062, 36], [357296, 15], [310185, 22], [14553, 13]]]
[[4305, 2], [[14553, 13]]]
[[857, 4], [[184180, 37], [228085, 12], [228007, 16], [14553, 13]]]
[[1283, 4], [[194930, 35], [14553, 13]]]
[[2312, 2], [[310397, 10], [181966, 21], [14672, 38], [17801, 15], [254616, 41]]]
[[14710, 2], [[188131, 14], [14672, 38]]]
[[14728, 3], [[14712, 16]]]
[[14712, 4], [[14712, 16]]]
[[7480, 4], [[14788, 21]]]
[[14809, 2], [[14788, 21], [254904, 11]]]
[[820, 2], [[178973, 8], [29260, 20], [144467, 22], [235173, 13], [19304, 39], [15456, 13]]]
[[304, 2], [[183029, 29], [18378, 5], [187412, 27], [199307, 11], [271150, 15], [190869, 31], [193531, 18], [197794, 15], [35698, 9], [353093, 24], [30568, 22], [31076, 18], [15520, 22], [35685, 13], [197809, 24]]]
[[674, 2], [[29775, 37], [182412, 11], [198208, 20], [15520, 22]]]
[[15542, 2], [[153713, 12]]]
[[2411, 2], [[2411, 2]]]
[[17373, 2], [[17349, 20]]]
[[6012, 2], [[196955, 22], [17349, 20]]]
[[17418, 5], [[17425, 12]]]
[[17423, 2], [[17425, 12]]]
[[17573, 2], [[193277, 14], [17573, 8], [44251, 16]]]
[[281, 1], [[317615, 38], [17610, 19]]]
[[414, 2], [[17610, 19]]]
[[147, 2], [[17707, 14], [181322, 29], [264189, 9], [178795, 5], [239122, 23], [196427, 42], [195173, 18], [19298, 6], [187609, 37], [183330, 14], [239245, 11], [239203, 11], [228417, 9], [196351, 17], [178992, 32], [183277, 53], [254533, 44], [176247, 14], [178973, 8], [188371, 15], [195557, 12], [248596, 22], [187454, 25], [178926, 13], [254592, 13], [263796, 24], [239003, 16]]]
[[17710, 3], [[17707, 14], [162115, 13]]]
[[17707, 6], [[17707, 14], [264189, 9], [162115, 13]]]
[[260, 2], [[35707, 13], [152190, 14], [17801, 15], [34988, 36], [46244, 27]]]
[[3019, 1], [[183344, 10], [228680, 5], [179218, 47], [18055, 4]]]
[[10077, 2], [[18143, 16], [254829, 10], [27936, 11], [245240, 19], [327570, 14], [19882, 6], [345272, 22], [309403, 30]]]
[[18143, 4], [[18143, 16]]]
[[3886, 2], [[18378, 5]]]
[[24, 2], [[313875, 50], [18378, 5], [171154, 7], [364627, 8], [358913, 14], [195782, 19], [239291, 21], [182013, 36], [254445, 38], [302758, 48]]]
[[302, 1], [[18784, 12]]]
[[19035, 2], [[18959, 38]]]
[[18972, 2], [[18959, 38]]]
[[1468, 1], [[98104, 11], [179399, 28], [356226, 9]]]
[[19079, 4], [[19056, 23]]]
[[19083, 5], [[19056, 23], [188008, 20]]]
[[19088, 2], [[19056, 23]]]
[[19113, 4], [[19090, 23]]]
[[6189, 2], [[19090, 23]]]
[[9403, 2], [[19117, 7], [21553, 7], [311359, 40], [162763, 8], [25771, 8], [353093, 24], [21537, 16], [21553, 4]]]
[[8898, 2], [[185879, 14], [19117, 7], [162763, 8]]]
[[19343, 2], [[19343, 17]]]
[[19360, 3], [[19343, 17]]]
[[20048, 2], [[20031, 17]]]
[[20050, 5], [[20050, 19]]]
[[20069, 2], [[20069, 21], [26602, 22]]]
[[20107, 2], [[185094, 10], [171154, 7], [191901, 14], [266535, 11], [20107, 2], [248343, 20]]]
[[20188, 4], [[20171, 26]]]
[[20205, 4], [[20197, 16]]]
[[494, 4], [[20197, 16]]]
[[496, 2], [[20197, 16], [31339, 19], [20655, 35], [320711, 17], [409221, 12], [168045, 35], [188933, 20]]]
[[8957, 1], [[20284, 10], [189031, 22]]]
[[3111, 2], [[20284, 10]]]
[[20321, 3], [[20284, 10], [45950, 11]]]
[[20324, 4], [[20284, 10], [186801, 24]]]
[[20328, 2], [[20328, 12]]]
[[20471, 5], [[20328, 12]]]
[[13385, 2], [[162066, 17], [20328, 12], [162115, 13]]]
[[221, 2], [[35812, 27], [97307, 23], [15193, 21], [46473, 18]]]
[[10420, 4], [[15193, 21]]]
[[20534, 3], [[20530, 12]]]
[[400, 2], [[312017, 17], [312101, 15]]]
[[54, 1], [[20572, 19]]]
[[669, 2], [[20572, 19]]]
[[18951, 2], [[185167, 12], [389425, 23], [187646, 28], [20572, 19], [152117, 15], [187711, 24]]]
[[20659, 2], [[20655, 35]]]
[[494, 2], [[20655, 35]]]
[[13453, 2], [[189031, 22], [185218, 62], [20655, 35], [254533, 44]]]
[[15, 2], [[312306, 35]]]
[[3775, 2], [[7525, 14], [170077, 21]]]
[[7528, 2], [[227935, 21], [7525, 14], [199307, 11], [271150, 15], [31076, 18]]]
[[22096, 4], [[188668, 14], [21906, 22]]]
[[22089, 7], [[188668, 14], [21906, 22]]]
[[22157, 9], [[22103, 16]]]
[[9028, 2], [[166193, 16], [25202, 10], [76102, 14], [35112, 39], [304883, 9], [35859, 11], [182412, 11], [311872, 29], [355204, 28], [144467, 22], [171105, 8]]]
[[23851, 2], [[23833, 18]]]
[[23853, 2], [[23833, 18]]]
[[339, 2], [[404303, 15], [35893, 12], [353093, 24]]]
[[25209, 3], [[25202, 10], [25372, 50]]]
[[25213, 7], [[25202, 10]]]
[[25163, 3], [[25372, 50]]]
[[25483, 2], [[25483, 72]]]
[[25529, 9], [[25483, 72]]]
[[25723, 2], [[25723, 17]]]
[[25730, 2], [[25723, 17]]]
[[10684, 4], [[263050, 14], [25771, 8]]]
[[25843, 3], [[199244, 14], [35707, 13], [196930, 13], [151884, 22], [34988, 36], [193247, 30]]]
[[635, 4], [[26014, 8]]]
[[20778, 3], [[28998, 27], [26123, 24], [27576, 45], [27707, 20], [308116, 10], [27758, 6]]]
[[26235, 2], [[26199, 36]]]
[[26237, 4], [[26199, 36]]]
[[26403, 9], [[181901, 25], [186607, 30], [26288, 13], [188286, 39], [195782, 19], [184049, 14], [191596, 19], [190433, 37], [189479, 90], [191434, 15], [187389, 23], [185180, 18], [181676, 25], [191046, 29], [191023, 12], [191821, 12], [193531, 18], [190900, 20], [191722, 31], [196558, 65], [184217, 20], [186328, 13], [185029, 13], [190074, 24], [185893, 16], [186166, 16]]]
[[26574, 3], [[26556, 21]]]
[[27005, 5], [[26945, 48]]]
[[27461, 7], [[78732, 13], [27468, 11]]]
[[27838, 3], [[27838, 10]]]
[[27848, 7], [[27838, 10]]]
[[28383, 7], [[254829, 10], [27936, 11], [245240, 19], [327570, 14], [186801, 24], [189434, 11], [356226, 9]]]
[[41, 1], [[198117, 32], [29721, 14], [76054, 14], [29054, 19], [35565, 24], [35685, 13]]]
[[299, 2], [[29054, 19]]]
[[665, 2], [[29085, 11]]]
[[29085, 4], [[29085, 11]]]
[[714, 2], [[29085, 11], [227772, 21]]]
[[23713, 6], [[29213, 17]]]
[[29246, 2], [[46423, 32], [248249, 32], [235289, 14], [46353, 35], [29260, 20], [235173, 13], [29213, 17]]]
[[29660, 6], [[104217, 21]]]
[[29666, 6], [[104217, 21], [239062, 31]]]
[[14028, 2], [[29672, 15], [265340, 14], [228108, 21], [167079, 25]]]
[[352, 2], [[29672, 15]]]
[[38, 2], [[266632, 22], [32089, 5], [185218, 62], [161998, 21], [29721, 14], [76054, 14], [179269, 24]]]
[[13447, 2], [[268356, 10], [171154, 7], [195637, 16], [364627, 8], [198117, 32], [29721, 14], [152190, 14], [152117, 15], [186116, 50], [188779, 20], [170191, 9]]]
[[280, 2], [[29775, 37], [355204, 28], [228300, 9], [193247, 30]]]
[[29832, 4], [[29826, 10]]]
[[1158, 2], [[30568, 22]]]
[[1358, 4], [[30568, 22]]]
[[31074, 2], [[16151, 9], [35197, 9]]]
[[31094, 2], [[31076, 18]]]
[[16273, 3], [[31161, 19]]]
[[31170, 2], [[31161, 19]]]
[[31424, 4], [[31424, 15]]]
[[31576, 5], [[31501, 38]]]
[[7180, 2], [[31581, 9]]]
[[31764, 2], [[31764, 36]]]
[[3177, 2], [[239203, 11], [31764, 36]]]
[[32087, 2], [[32043, 7], [227971, 13]]]
[[32043, 4], [[32043, 7]]]
[[255, 4], [[32089, 5], [167079, 25], [197499, 35], [184816, 18]]]
[[32169, 8], [[32111, 22]]]
[[34988, 3], [[34988, 36]]]
[[15455, 1], [[35812, 27], [35033, 27]]]
[[35109, 3], [[35812, 27], [35033, 27]]]
[[35038, 2], [[35033, 27], [45602, 15]]]
[[35177, 5], [[35112, 39]]]
[[11095, 2], [[195592, 10], [35112, 39], [196124, 11], [374177, 13], [310185, 22]]]
[[6241, 3], [[35197, 9]]]
[[3604, 2], [[183197, 13], [35970, 16]]]
[[26083, 3], [[76102, 14]]]
[[35521, 4], [[35309, 17]]]
[[35525, 2], [[35525, 9]]]
[[21682, 5], [[35525, 9]]]
[[4098, 1], [[199047, 14], [199064, 6], [199047, 6], [35565, 24], [35685, 13]]]
[[35673, 2], [[35893, 12], [35670, 15]]]
[[33852, 1], [[35698, 9]]]
[[20591, 2], [[35707, 13], [188933, 20]]]
[[35726, 2], [[35707, 13]]]
[[39, 1], [[179352, 5], [191107, 20]]]
[[35856, 3], [[35812, 27]]]
[[35859, 2], [[345347, 19], [35859, 11], [46244, 27]]]
[[9027, 3], [[35859, 11]]]
[[35899, 2], [[35893, 12]]]
[[35965, 5], [[182368, 27], [35893, 12]]]
[[36034, 5], [[35970, 16]]]
[[35970, 3], [[35970, 16]]]
[[36039, 6], [[35970, 16]]]
[[36082, 6], [[36045, 37]]]
[[7338, 6], [[36045, 37], [162638, 24]]]
[[9264, 3], [[263050, 14], [36088, 23]]]
[[7541, 5], [[262489, 32], [152875, 19], [142123, 23], [242519, 11], [36088, 23], [170043, 7], [253935, 17], [263114, 32], [403358, 15]]]
[[36171, 5], [[36088, 23]]]
[[1160, 4], [[36176, 12]]]
[[36181, 4], [[36176, 12]]]
[[36185, 2], [[36176, 12]]]
[[129, 2], [[171105, 8], [36216, 28]]]
[[1626, 2], [[97484, 25], [44432, 25], [357296, 15], [356309, 24], [254616, 41], [254720, 16], [36216, 28]]]
[[10842, 2], [[36216, 28]]]
[[32810, 2], [[36277, 8]]]
[[36309, 2], [[36277, 8]]]
[[3893, 1], [[36277, 8]]]
[[14670, 2], [[76102, 14], [45950, 11], [238905, 20], [44251, 16]]]
[[44348, 4], [[44331, 15]]]
[[44423, 3], [[44331, 15]]]
[[44426, 4], [[44331, 15]]]
[[44430, 2], [[44331, 15]]]
[[44435, 2], [[44432, 25]]]
[[44477, 2], [[44432, 25]]]
[[5931, 3], [[45363, 16]]]
[[45777, 3], [[45602, 15], [46068, 22]]]
[[20321, 2], [[195637, 16], [227714, 14], [45950, 11]]]
[[104, 1], [[339539, 26], [339335, 9], [170569, 7], [46068, 22], [46244, 27]]]
[[9036, 2], [[46068, 22]]]
[[16165, 2], [[46068, 22], [46244, 27]]]
[[46257, 2], [[274704, 8], [46244, 27], [274305, 15]]]
[[1853, 2], [[185296, 24], [46423, 32], [28998, 27], [248249, 32], [26123, 24], [235289, 14], [403095, 28]]]
[[46509, 4], [[46473, 18]]]
[[20471, 2], [[185296, 24], [74386, 29], [162066, 17], [245301, 15], [162115, 13]]]
[[74492, 2], [[74386, 29]]]
[[74494, 2], [[74386, 29]]]
[[76068, 3], [[76054, 14]]]
[[25460, 2], [[76054, 14]]]
[[150, 3], [[76102, 14]]]
[[5425, 3], [[76102, 14], [182412, 11], [238905, 20]]]
[[797, 3], [[78732, 13]]]
[[77959, 3], [[78732, 13]]]
[[800, 2], [[79094, 19], [196076, 21], [228042, 25], [77585, 7], [21277, 4]]]
[[1312, 5], [[79094, 19]]]
[[30772, 3], [[87780, 58], [98001, 9], [79094, 19], [228207, 15], [97981, 20]]]
[[79321, 4], [[79231, 21]]]
[[79246, 2], [[79231, 21]]]
[[79325, 2], [[79231, 21]]]
[[79327, 2], [[79231, 21]]]
[[180, 2], [[193393, 10], [161998, 21], [141316, 11], [77585, 7], [199815, 17]]]
[[10359, 2], [[81885, 13]]]
[[80467, 3], [[29826, 10]]]
[[30772, 4], [[87780, 58], [97981, 20]]]
[[30990, 3], [[97981, 20]]]
[[30990, 5], [[97981, 20]]]
[[5464, 2], [[97307, 23]]]
[[79153, 4], [[98001, 9]]]
[[98030, 2], [[317615, 38], [98001, 9]]]
[[29880, 2], [[98104, 11], [356226, 9]]]
[[98115, 4], [[98104, 11]]]
[[98119, 4], [[98104, 11]]]
[[1783, 3], [[28854, 8]]]
[[141347, 4], [[141316, 11]]]
[[7732, 2], [[142123, 23]]]
[[144509, 1], [[144467, 22]]]
[[10828, 2], [[144467, 22]]]
[[67, 3], [[151826, 24], [185415, 9], [151884, 22]]]
[[28309, 3], [[151884, 22]]]
[[871, 4], [[152062, 36], [339335, 9], [353093, 24]]]
[[152104, 2], [[152062, 36]]]
[[152115, 2], [[152062, 36]]]
[[13414, 2], [[152117, 15]]]
[[7534, 2], [[187646, 28], [152117, 15]]]
[[152154, 2], [[152117, 15]]]
[[13925, 1], [[187646, 28], [152117, 15]]]
[[16032, 2], [[254498, 21], [254445, 38], [195119, 3], [152156, 16]]]
[[61, 1], [[198117, 32], [254445, 38], [195247, 13], [152156, 16]]]
[[152238, 3], [[152190, 14]]]
[[152199, 3], [[152190, 14]]]
[[152190, 6], [[152190, 14]]]
[[1, 1], [[195734, 10], [152190, 14]]]
[[3, 2], [[152190, 14]]]
[[11322, 2], [[152190, 14]]]
[[11439, 2], [[152294, 18]]]
[[24671, 3], [[152294, 18]]]
[[75315, 2], [[152875, 19]]]
[[3320, 1], [[153713, 12]]]
[[153736, 4], [[153713, 12]]]
[[32679, 3], [[166193, 16], [197909, 27], [31207, 9]]]
[[19909, 8], [[154141, 13], [190796, 30]]]
[[78, 2], [[313875, 50]]]
[[6281, 4], [[189322, 5], [161730, 17], [355204, 28], [185280, 16], [193247, 30]]]
[[11642, 4], [[161730, 17]]]
[[161841, 2], [[161784, 12]]]
[[8260, 2], [[161784, 12]]]
[[161998, 4], [[161998, 21]]]
[[162113, 2], [[239291, 21], [162066, 17]]]
[[162073, 3], [[162066, 17]]]
[[162077, 2], [[162066, 17]]]
[[18788, 2], [[162066, 17]]]
[[162115, 2], [[239291, 21], [162115, 13]]]
[[162662, 7], [[265340, 14], [274704, 8], [309403, 30], [274305, 15], [162638, 24]]]
[[162500, 8], [[97484, 25]]]
[[162513, 11], [[97484, 25]]]
[[162525, 12], [[97484, 25]]]
[[162538, 16], [[97484, 25]]]
[[162555, 10], [[97484, 25]]]
[[269, 1], [[179352, 5], [185115, 33], [97484, 25], [184521, 13], [262591, 18], [188933, 20], [197663, 13], [239003, 16]]]
[[162765, 3], [[162763, 8]]]
[[162840, 8], [[162810, 10]]]
[[166819, 4], [[166819, 13]]]
[[1020, 3], [[28846, 16], [29432, 12], [29536, 15], [162274, 13], [28854, 8], [166819, 13]]]
[[6739, 2], [[166984, 14]]]
[[3104, 3], [[353189, 23], [167079, 25], [345377, 36]]]
[[10990, 2], [[170077, 21]]]
[[170119, 3], [[170077, 21]]]
[[24202, 2], [[170077, 21]]]
[[4178, 2], [[186341, 27], [187646, 28], [317615, 38], [263748, 23], [310383, 14], [320711, 17], [238905, 20], [170077, 21]]]
[[80, 1], [[183029, 29], [195637, 16], [188552, 6], [195247, 13]]]
[[30120, 2], [[170153, 17]]]
[[32872, 2], [[170153, 17]]]
[[78389, 2], [[170153, 17]]]
[[170189, 2], [[170153, 17]]]
[[14904, 1], [[190640, 13]]]
[[15514, 2], [[196124, 11], [197610, 9], [374177, 13], [170569, 7]]]
[[2367, 1], [[170576, 10]]]
[[6572, 2], [[254616, 41], [170598, 18]]]
[[170610, 2], [[170598, 18]]]
[[436, 1], [[170626, 11]]]
[[170626, 1], [[170626, 11]]]
[[170628, 2], [[170626, 11]]]
[[170643, 4], [[170637, 33]]]
[[170725, 3], [[170637, 33]]]
[[135, 1], [[171105, 8]]]
[[175410, 11], [[175317, 42]]]
[[170731, 3], [[175317, 42]]]
[[2800, 5], [[193491, 9], [190422, 11], [187855, 23], [188434, 15], [187735, 13], [175421, 9]]]
[[762, 3], [[185296, 24], [184727, 26], [188558, 10], [195173, 18], [195486, 21], [182440, 42], [187748, 41], [188492, 21], [196351, 17], [187522, 87], [176247, 14], [183405, 31], [188371, 15], [248596, 22], [248363, 27], [182615, 35], [198003, 18], [254592, 13], [179088, 33]]]
[[23122, 3], [[186341, 27], [193831, 6], [190826, 32], [193971, 20], [177207, 4]]]
[[421, 7], [[186341, 27], [193831, 6], [190826, 32], [193971, 20], [177207, 4]]]
[[35675, 2], [[178795, 5]]]
[[24306, 2], [[188558, 10], [195815, 21], [191880, 21], [254904, 11], [178926, 13]]]
[[19612, 2], [[178973, 8], [239003, 16]]]
[[1190, 5], [[178981, 11]]]
[[178992, 3], [[178992, 32]]]
[[239, 7], [[179030, 58], [195890, 20]]]
[[22767, 4], [[179133, 19]]]
[[669, 10], [[179152, 43], [191003, 20], [198208, 20], [197857, 36], [187000, 44]]]
[[1423, 2], [[187412, 27], [184377, 41], [179195, 23], [179152, 43], [310288, 22], [187000, 44], [181876, 13]]]
[[179265, 4], [[179218, 47]]]
[[280, 9], [[189619, 14], [179339, 13]]]
[[275, 1], [[179352, 5]]]
[[12354, 2], [[364666, 7]]]
[[97338, 7], [[181322, 29]]]
[[181385, 2], [[181385, 18]]]
[[976, 2], [[181385, 18]]]
[[19651, 5], [[181495, 41], [181585, 41], [182482, 48], [188258, 28], [181536, 49], [186471, 16]]]
[[181831, 3], [[181676, 25]]]
[[181872, 4], [[195592, 10], [181834, 17]]]
[[1444, 2], [[199307, 11], [195836, 22], [181876, 13]]]
[[181901, 3], [[181901, 25]]]
[[181957, 2], [[181901, 25]]]
[[181926, 4], [[181901, 25]]]
[[182019, 2], [[182013, 36]]]
[[182383, 6], [[182368, 27]]]
[[18346, 2], [[182395, 17]]]
[[24234, 2], [[182395, 17]]]
[[3116, 3], [[182440, 42]]]
[[647, 2], [[182597, 9], [182565, 31], [196175, 15], [188766, 13]]]
[[6970, 2], [[193491, 9], [227971, 13], [409389, 6]]]
[[182801, 4], [[182786, 15]]]
[[301, 6], [[183029, 29]]]
[[24, 3], [[183247, 19]]]
[[19575, 6], [[183277, 53]]]
[[183608, 5], [[183538, 58]]]
[[183895, 2], [[183889, 37]]]
[[183902, 2], [[183889, 37]]]
[[183931, 4], [[183889, 37]]]
[[162, 3], [[183974, 14], [239862, 22]]]
[[184044, 5], [[184020, 24]]]
[[184029, 7], [[184020, 24]]]
[[350, 4], [[184049, 14]]]
[[2754, 5], [[184180, 37]]]
[[184217, 6], [[184217, 20]]]
[[9949, 2], [[184377, 41]]]
[[184640, 5], [[184597, 11]]]
[[184814, 2], [[187646, 28], [184753, 18]]]
[[185091, 3], [[185029, 13]]]
[[185179, 1], [[188208, 10], [185167, 12], [190788, 8]]]
[[185200, 8], [[185180, 18]]]
[[280, 8], [[185218, 62]]]
[[182322, 6], [[185280, 16]]]
[[19778, 5], [[185296, 24]]]
[[185411, 4], [[185377, 16]]]
[[20501, 2], [[185377, 16], [266696, 26], [227856, 20], [227833, 23], [227656, 14], [227678, 21], [190653, 14], [227879, 24], [227714, 14], [227935, 21], [228108, 21], [228042, 25], [228300, 9], [228207, 15], [228085, 12], [228343, 12], [227670, 8], [228007, 16], [227772, 21], [227971, 13]]]
[[185984, 3], [[185893, 16]]]
[[1431, 6], [[186116, 50]]]
[[25563, 2], [[186166, 16]]]
[[186256, 4], [[195734, 10], [186256, 14], [193799, 32]]]
[[186328, 6], [[186328, 13]]]
[[730, 6], [[186368, 15]]]
[[186796, 5], [[186607, 30]]]
[[186930, 8], [[186865, 65]]]
[[186938, 3], [[186938, 16]]]
[[187044, 4], [[187044, 64]]]
[[341, 2], [[187044, 64]]]
[[6, 3], [[187237, 30]]]
[[187389, 3], [[187389, 23]]]
[[187452, 2], [[187439, 13]]]
[[181356, 2], [[187454, 25]]]
[[15236, 2], [[187454, 25]]]
[[4217, 2], [[187609, 37]]]
[[12500, 2], [[312306, 35], [187973, 8]]]
[[188002, 3], [[187981, 21]]]
[[188005, 3], [[187981, 21]]]
[[188327, 2], [[188325, 46]]]
[[171134, 2], [[309965, 13], [364666, 7], [188325, 46]]]
[[188386, 2], [[188386, 9]]]
[[188414, 3], [[188386, 9]]]
[[188389, 2], [[188386, 9]]]
[[188430, 4], [[188417, 13]]]
[[188449, 2], [[188449, 20]]]
[[188454, 5], [[188449, 20]]]
[[188460, 2], [[188449, 20]]]
[[5804, 2], [[188751, 15]]]
[[27306, 2], [[268356, 10], [254344, 25], [188779, 20]]]
[[4752, 2], [[188808, 28]]]
[[4945, 2], [[188808, 28]]]
[[5015, 2], [[193799, 32], [188808, 28], [263796, 24]]]
[[301, 2], [[188836, 7], [197499, 35]]]
[[760, 2], [[188836, 7]]]
[[188923, 2], [[188923, 7]]]
[[1164, 3], [[189020, 11]]]
[[69, 1], [[189031, 22]]]
[[19258, 3], [[189322, 5]]]
[[289, 7], [[189322, 5]]]
[[189569, 5], [[189479, 90]]]
[[189486, 4], [[189479, 90]]]
[[189967, 4], [[190074, 24]]]
[[190377, 4], [[190377, 28], [190667, 24]]]
[[190405, 2], [[190405, 17]]]
[[190408, 5], [[190405, 17]]]
[[736, 2], [[190405, 17], [194930, 35]]]
[[182213, 5], [[190433, 37], [197909, 27]]]
[[80695, 2], [[313875, 50], [190640, 13]]]
[[170242, 5], [[190667, 24]]]
[[190752, 4], [[190725, 16]]]
[[190869, 3], [[190869, 31]]]
[[190993, 10], [[190900, 20]]]
[[191035, 4], [[191023, 12]]]
[[5906, 2], [[197619, 24]]]
[[191441, 4], [[191434, 15]]]
[[428, 15], [[191496, 27], [195024, 54]]]
[[191596, 5], [[191596, 19]]]
[[191753, 5], [[191722, 31]]]
[[191858, 4], [[191821, 12]]]
[[189909, 4], [[191821, 12]]]
[[21171, 3], [[193184, 21], [191862, 18]]]
[[193277, 3], [[193277, 14]]]
[[191848, 2], [[263050, 14], [312017, 17], [310263, 12], [245301, 15], [312101, 15], [193326, 26]]]
[[1629, 2], [[193326, 26]]]
[[193352, 2], [[193352, 11]]]
[[3030, 2], [[22103, 16], [404303, 15], [193393, 10], [262591, 18], [403922, 15]]]
[[193622, 3], [[193531, 18]]]
[[189927, 5], [[193531, 18]]]
[[193837, 4], [[193831, 6]]]
[[193965, 2], [[193965, 6], [309965, 13], [227772, 21]]]
[[25502, 1], [[194930, 35]]]
[[736, 5], [[194930, 35]]]
[[195168, 5], [[195131, 37]]]
[[195223, 2], [[195223, 24]]]
[[195569, 3], [[195557, 12]]]
[[6065, 2], [[195572, 20]]]
[[9330, 2], [[195572, 20]]]
[[195602, 5], [[195592, 10]]]
[[195616, 7], [[195607, 30]]]
[[195611, 4], [[195607, 30]]]
[[195628, 5], [[195607, 30]]]
[[3310, 4], [[195836, 22]]]
[[1195, 6], [[196076, 21]]]
[[3966, 2], [[196325, 26]]]
[[196427, 6], [[196427, 42]]]
[[76931, 2], [[196558, 65]]]
[[196964, 3], [[196955, 22]]]
[[27535, 2], [[197166, 9]]]
[[184869, 4], [[197602, 8]]]
[[670, 1], [[309965, 13], [364666, 7], [197610, 9]]]
[[197709, 3], [[197663, 13]]]
[[170756, 2], [[198086, 31]]]
[[679, 10], [[198117, 32]]]
[[198206, 2], [[198190, 16]]]
[[20145, 4], [[196351, 17]]]
[[199061, 3], [[199047, 14]]]
[[7254, 3], [[199047, 14]]]
[[199047, 6], [[199047, 14], [199047, 6]]]
[[4464, 4], [[199064, 6], [199047, 6]]]
[[199183, 3], [[195637, 16], [186256, 14], [185879, 14], [191901, 14], [187237, 30], [186607, 30], [181585, 41], [188668, 14], [193184, 21], [188218, 23], [187609, 37], [188131, 14], [19882, 6], [183974, 14], [193831, 6], [188552, 6], [190653, 14], [20572, 19], [188286, 39], [189619, 14], [196076, 21], [185115, 33], [193965, 6], [187748, 41], [183330, 14], [179320, 19], [11503, 28], [185847, 32], [186825, 11], [12664, 14], [178981, 11], [188492, 21], [183247, 19], [183354, 14], [195782, 19], [179596, 14], [184597, 11], [190826, 32], [193799, 32], [184049, 14], [190422, 11], [185415, 9], [187855, 23], [195131, 37], [190405, 17], [182412, 11], [184377, 41], [182395, 17], [195453, 33], [16604, 8], [193352, 11], [19056, 23], [179133, 19], [9944, 17], [190433, 37], [195689, 18], [189574, 22], [188241, 17], [195858, 32], [179195, 23], [20107, 2], [14302, 19], [189479, 90], [184558, 23], [181834, 17], [187674, 15], [14855, 7], [188417, 13], [188836, 7], [191681, 28], [196351, 17], [188923, 7], [197610, 9], [191434, 15], [182013, 36], [20031, 17], [182482, 48], [14128, 7], [188325, 46], [3289, 31], [179152, 43], [178992, 32], [181447, 36], [190377, 28], [188258, 28], [187389, 23], [187044, 64], [183277, 53], [187522, 87], [183156, 29], [183368, 17], [185180, 18], [186368, 15], [187689, 22], [179121, 12], [6819, 13], [176247, 14], [184180, 37], [181676, 25], [13051, 12], [181889, 12], [187895, 57], [183405, 31], [197499, 35], [11066, 29], [188751, 15], [14256, 46], [187815, 24], [185320, 15], [191023, 12], [5650, 15], [18784, 12], [197602, 8], [196175, 15], [179030, 58], [182368, 27], [178973, 8], [191821, 12], [196032, 9], [6539, 30], [190788, 8], [189607, 12], [183185, 12], [17573, 8], [188434, 15], [188371, 15], [187973, 8], [196930, 13], [190869, 31], [20530, 12], [191003, 20], [193432, 13], [195557, 12], [184645, 8], [195247, 13], [183538, 58], [184521, 13], [197794, 15], [186116, 50], [190900, 20], [184816, 18], [191107, 20], [184534, 24], [188008, 20], [186074, 42], [196558, 65], [191496, 27], [197909, 27], [187454, 25], [183385, 20], [194930, 35], [179269, 24], [194965, 13], [193971, 20], [17994, 38], [186836, 29], [195572, 20], [5969, 20], [198208, 20], [195223, 24], [197857, 36], [197936, 20], [25483, 72], [184753, 18], [186801, 24], [25723, 17], [187735, 13], [10116, 37], [188779, 20], [21906, 22], [195890, 20], [188449, 20], [190796, 30], [190691, 34], [184217, 20], [185280, 16], [187439, 13], [187000, 44], [186328, 13], [190640, 13], [181536, 49], [197619, 24], [191862, 18], [195024, 54], [183197, 13], [185029, 13], [195119, 3], [184020, 24], [26556, 21], [182615, 35], [181385, 18], [197663, 13], [191772, 14], [193168, 16], [187789, 26], [179357, 26], [190725, 16], [178926, 13], [27758, 6], [189434, 11], [193508, 15], [181876, 13], [179339, 13], [198003, 18], [175421, 9], [186938, 16], [197809, 24], [193326, 26], [198190, 16], [198250, 16], [190074, 24], [181626, 16], [179088, 33], [185893, 16], [197956, 4], [179399, 28], [186471, 16], [21553, 4], [177207, 4], [186166, 16]]]
[[838, 2], [[12510, 28], [6585, 21], [27188, 36], [267422, 9], [227656, 14], [20498, 14], [17850, 14], [187237, 30], [2450, 17], [183247, 19], [14357, 14], [196124, 11], [189574, 22], [195858, 32], [188065, 41], [374177, 13], [187689, 22], [13051, 12], [11066, 29], [228367, 27], [6539, 30], [5923, 20], [14432, 36], [353212, 14], [235348, 27], [17994, 38], [195223, 24], [199186, 22], [17864, 13], [229578, 13], [26556, 21], [5943, 26], [6569, 16]]]
[[14312, 4], [[199186, 22]]]
[[199258, 2], [[199244, 14]]]
[[199244, 4], [[199244, 14]]]
[[199301, 2], [[199244, 14]]]
[[199303, 2], [[199244, 14]]]
[[199305, 2], [[199244, 14]]]
[[191985, 2], [[228343, 12], [199815, 17]]]
[[199824, 2], [[199815, 17]]]
[[182209, 2], [[228085, 12], [199815, 17]]]
[[6009, 2], [[227678, 21]]]
[[17449, 2], [[229622, 9], [232011, 9], [232059, 9], [229613, 18], [232040, 9], [229591, 15], [232425, 19], [229578, 13]]]
[[205586, 4], [[228207, 15]]]
[[1151, 5], [[227678, 21], [228731, 11]]]
[[27509, 5], [[227678, 21]]]
[[25262, 4], [[227714, 14]]]
[[35270, 2], [[228108, 21]]]
[[209951, 2], [[228343, 12]]]
[[227670, 3], [[227670, 8]]]
[[77457, 2], [[227772, 21]]]
[[227876, 3], [[227856, 20]]]
[[227886, 6], [[227879, 24]]]
[[223985, 3], [[228108, 21]]]
[[228300, 4], [[228300, 9]]]
[[228367, 8], [[228680, 5], [228807, 11], [228720, 11], [228731, 11], [228417, 9], [228779, 7], [228697, 7], [2411, 2], [228514, 9], [228758, 9], [228463, 12], [228367, 27], [228767, 12]]]
[[10411, 1], [[228367, 27]]]
[[16077, 2], [[228417, 9]]]
[[228450, 13], [[228680, 5], [228807, 11], [228720, 11], [228731, 11], [228417, 9], [228779, 7], [228697, 7], [2411, 2], [228514, 9], [228758, 9], [228463, 12], [228767, 12]]]
[[2204, 1], [[310288, 22], [228463, 12]]]
[[17333, 2], [[228463, 12]]]
[[4809, 2], [[263555, 5], [228720, 11], [228697, 7], [356226, 9]]]
[[2520, 3], [[228697, 7]]]
[[21316, 3], [[228767, 12]]]
[[228793, 3], [[228779, 7]]]
[[228779, 2], [[228779, 7]]]
[[228833, 2], [[228807, 11]]]
[[228835, 2], [[228807, 11]]]
[[10696, 2], [[308116, 10], [341172, 19], [404452, 26], [1671, 10]]]
[[229606, 7], [[229622, 9], [229613, 18], [229591, 15]]]
[[188460, 4], [[229613, 18]]]
[[229868, 4], [[229613, 18]]]
[[145, 2], [[266632, 22]]]
[[235286, 3], [[235173, 13]]]
[[6556, 3], [[235173, 13]]]
[[6556, 2], [[235173, 13]]]
[[844, 2], [[235348, 27]]]
[[237688, 5], [[237545, 92]]]
[[162185, 2], [[353093, 24], [238905, 20]]]
[[239198, 2], [[239122, 23]]]
[[239200, 3], [[239122, 23]]]
[[14720, 2], [[181966, 21], [239122, 23]]]
[[19605, 3], [[239203, 11]]]
[[21452, 3], [[239203, 11]]]
[[97334, 2], [[239245, 11]]]
[[97330, 4], [[239245, 11]]]
[[19526, 3], [[239245, 11]]]
[[187022, 3], [[239291, 21]]]
[[5328, 2], [[239291, 21]]]
[[8181, 2], [[242519, 11], [263114, 32]]]
[[176822, 2], [[245301, 15]]]
[[12503, 2], [[248343, 20]]]
[[1096, 2], [[248343, 20]]]
[[19125, 2], [[184727, 26], [176247, 14], [248363, 27]]]
[[32219, 3], [[248363, 27]]]
[[426, 2], [[248363, 27]]]
[[19482, 2], [[181322, 29], [364666, 7], [248596, 22]]]
[[32730, 2], [[254344, 25]]]
[[201784, 2], [[193393, 10]]]
[[171497, 2], [[263748, 23], [254445, 38], [302758, 48]]]
[[195576, 2], [[196427, 42], [254445, 38], [263796, 24]]]
[[254957, 3], [[254904, 11]]]
[[263050, 5], [[263050, 14]]]
[[77644, 2], [[263555, 5]]]
[[825, 2], [[263602, 3]]]
[[216453, 3], [[264189, 9]]]
[[184869, 2], [[264189, 9], [196427, 42]]]
[[265348, 3], [[265340, 14]]]
[[266392, 4], [[266696, 26], [312306, 35]]]
[[266396, 4], [[266696, 26], [312306, 35]]]
[[263232, 5], [[268372, 17]]]
[[268382, 5], [[268372, 17]]]
[[11429, 2], [[268372, 17]]]
[[3983, 1], [[339335, 9], [268372, 17]]]
[[274263, 4], [[274704, 8]]]
[[276203, 7], [[276124, 25]]]
[[3033, 2], [[404303, 15], [193393, 10], [403922, 15]]]
[[36017, 2], [[302758, 48]]]
[[10295, 3], [[304883, 9]]]
[[308112, 4], [[308056, 18]]]
[[757, 1], [[152755, 15], [19473, 9], [15511, 9], [11095, 13], [3114, 10]]]
[[440, 1], [[356309, 24], [199024, 13], [1671, 10]]]
[[308243, 4], [[308178, 26]]]
[[1979, 4], [[309330, 20], [404452, 26]]]
[[201189, 2], [[309965, 13]]]
[[19790, 2], [[357296, 15], [310185, 22]]]
[[34994, 4], [[310185, 22]]]
[[5648, 2], [[310397, 10], [403007, 21], [20107, 2], [311359, 40], [310263, 12]]]
[[310295, 2], [[310288, 22]]]
[[215606, 2], [[310288, 22]]]
[[200551, 2], [[310397, 10]]]
[[310443, 7], [[310397, 10]]]
[[311651, 3], [[311602, 23]]]
[[185438, 3], [[311602, 23]]]
[[11120, 2], [[311872, 29]]]
[[312341, 3], [[358913, 14], [312306, 35]]]
[[36020, 3], [[313875, 50]]]
[[313875, 2], [[313875, 50]]]
[[190074, 2], [[313875, 50], [358913, 14]]]
[[223950, 4], [[313875, 50]]]
[[9696, 2], [[316509, 14]]]
[[29359, 2], [[316509, 14]]]
[[10733, 2], [[327570, 14], [317279, 16]]]
[[18244, 1], [[389425, 23], [317615, 38], [403382, 7]]]
[[317653, 2], [[317615, 38], [403382, 7]]]
[[320711, 4], [[320711, 17]]]
[[15053, 2], [[320711, 17]]]
[[27561, 1], [[339335, 9]]]
[[21232, 3], [[339539, 26]]]
[[216993, 2], [[339539, 26]]]
[[16246, 2], [[339539, 26]]]
[[5879, 2], [[339539, 26]]]
[[341244, 5], [[341172, 19]]]
[[345332, 10], [[345272, 22]]]
[[29837, 3], [[345272, 22]]]
[[345342, 5], [[345272, 22]]]
[[345374, 3], [[345347, 19]]]
[[224602, 4], [[345347, 19]]]
[[214433, 2], [[345347, 19]]]
[[217584, 2], [[345347, 19], [355204, 28]]]
[[19455, 2], [[353212, 14]]]
[[187131, 2], [[403382, 7]]]
[[180682, 2], [[356309, 24]]]
[[18143, 1], [[357296, 15], [356309, 24]]]
[[304, 1], [[357296, 15]]]
[[364547, 3], [[364510, 37]]]
[[4905, 2], [[364510, 37]]]
[[97509, 8], [[152755, 15], [374177, 13]]]
[[389425, 3], [[389425, 23]]]
[[13719, 2], [[389425, 23]]]
[[33385, 3], [[193531, 18]]]
[[171737, 2], [[183344, 10], [404303, 15], [403922, 15]]]
[[21245, 3], [[183029, 29]]]
[[22103, 1], [[22103, 16]]]
[[22106, 2], [[22103, 16]]]
[[20031, 2], [[188208, 10]]]
[[178798, 2], [[184727, 26]]]
[[188558, 2], [[188558, 10]]]
[[3041, 1], [[181322, 29]]]
[[123, 2], [[181495, 41]]]
[[181012, 2], [[181495, 41]]]
[[19905, 1], [[181495, 41]]]
[[289, 3], [[189322, 5]]]
[[226669, 2], [[187981, 21]]]
[[389495, 2], [[187981, 21]]]
[[17312, 2], [[197166, 9]]]
[[192295, 2], [[198117, 32]]]
[[185237, 2], [[185218, 62]]]
[[349861, 3], [[191722, 31]]]
[[389497, 2], [[191722, 31]]]
[[189493, 2], [[191722, 31]]]
[[389499, 2], [[191722, 31]]]
[[403028, 9], [[403007, 21]]]
[[404029, 7], [[403922, 15]]]
[[404242, 3], [[404303, 15]]]
[[10054, 6], [[404452, 26]]]
[[5814, 2], [[404452, 26]]]
[[549, 2], [[404452, 26]]]
[[409233, 2], [[409221, 12]]]
[[367, 1], [[409221, 12]]]
[[409375, 5], [[409349, 26]]]
[[1856, 3], [[409349, 26]]]
[[3232, 3], [[3232, 3]]]
[[849, 2], [[409389, 6]]]
