-8,34221,2,-16 -8,81875,3,-16,-8,80470,3,-16,-8,81878,2,-16
-8,255,4,-16 -8,34197,2,-16,-8,34221,2,-16,-8,81880,5,-16
-8,163,2,-16 -8,198266,3,-16,-8,198269,3,-16,-8,163,2,-16,-8,189945,4,-16
-8,767,3,-16 -8,-8,-8,-4545,-5454,-16,-2,-8,1151,2,-16,-16,-2,-8,767,3,-16,-16,-8,784,5,-16,-8,791,4,-16,-8,772,4,-16,-8,778,4,-16
-8,23621,4,-16 -8,-8,-8,-8,-8,-4545,-5454,-16,-2,-8,23621,4,-16,-16,-2,-8,19482,2,-16,-16,-2,-8,20321,2,-16,-16,-2,-8,162,3,-16,-16
-8,19482,2,-16 -8,-8,-8,-8,-8,-4545,-5454,-16,-2,-8,23621,4,-16,-16,-2,-8,19482,2,-16,-16,-2,-8,20321,2,-16,-16,-2,-8,162,3,-16,-16
-8,20321,2,-16 -8,-8,-8,-8,-8,-4545,-5454,-16,-2,-8,23621,4,-16,-16,-2,-8,19482,2,-16,-16,-2,-8,20321,2,-16,-16,-2,-8,162,3,-16,-16,-8,-8,-8,-4545,-5454,-16,-2,-8,20321,2,-16,-16,-2,-8,182220,3,-16,-16,-8,-8,-8,-8,-4545,-5454,-16,-2,-8,26494,3,-16,-16,-2,-8,199002,2,-16,-16,-2,-8,20321,2,-16,-16
-8,162,3,-16 -8,-8,-8,-8,-8,-4545,-5454,-16,-2,-8,23621,4,-16,-16,-2,-8,19482,2,-16,-16,-2,-8,20321,2,-16,-16,-2,-8,162,3,-16,-16
-8,-8,-8,-8,23621,4,-16,-2,-8,19482,2,-16,-16,-2,-8,20321,2,-16,-16,-2,-8,162,3,-16,-16 -8,23632,4,-16,-8,23638,6,-16,-8,20117,10,-16,-8,19909,8,-16,-8,198272,4,-16,-8,23656,5,-16,-8,20128,6,-16
-8,1423,2,-16 -8,1444,2,-16,-8,1442,2,-16,-8,198276,4,-16,-8,1452,3,-16,-8,1449,3,-16,-8,198280,4,-16,-8,1425,6,-16,-8,1431,6,-16,-8,1437,5,-16
-8,186705,4,-16 -8,615,3,-16,-8,10077,2,-16,-8,77959,3,-16
-8,870,5,-16 -8,198284,4,-16,-8,871,4,-16,-8,198288,3,-16
-8,1151,5,-16 -8,833,5,-16,-8,1173,4,-16,-8,1177,3,-16,-8,1180,5,-16,-8,681,2,-16,-8,1190,5,-16,-8,198291,4,-16,-8,1185,5,-16,-8,1195,6,-16,-8,1167,6,-16,-8,198295,4,-16
-8,189945,4,-16 -8,650,4,-16,-8,21086,4,-16,-8,189967,4,-16,-8,22767,4,-16,-8,189979,4,-16,-8,189985,3,-16,-8,189990,4,-16,-8,20006,4,-16,-8,190002,5,-16,-8,190009,4,-16
-8,2513,2,-16 -8,524,2,-16,-8,2735,3,-16,-8,9264,3,-16,-8,2740,5,-16,-8,2754,5,-16,-8,2747,5,-16,-8,30899,4,-16,-8,31701,3,-16,-8,31962,5,-16
-8,198299,3,-16 -8,189934,4,-16,-8,198302,4,-16,-8,198306,4,-16
-8,6189,2,-16 -8,-8,-8,-4545,-5454,-16,-2,-8,6189,2,-16,-16,-2,-8,104,1,-16,-16
-8,104,1,-16 -8,716,5,-16,-8,-8,-8,-4545,-5454,-16,-2,-8,6189,2,-16,-16,-2,-8,104,1,-16,-16,-8,-8,-8,-4545,-5454,-16,-2,-8,800,2,-16,-16,-2,-8,104,1,-16,-16,-8,857,4,-16,-8,767,3,-16,-8,-8,-8,-4545,-5454,-16,-2,-8,27509,5,-16,-16,-2,-8,104,1,-16,-16,-8,-8,-8,-8,-4545,-5454,-16,-2,-8,80145,4,-16,-16,-2,-8,198965,5,-16,-16,-2,-8,104,1,-16,-16,-8,870,5,-16,-8,198318,7,-16,-8,185659,7,-16
-8,-8,6189,2,-16,-2,-8,104,1,-16,-16 -8,1164,3,-16,-8,198310,8,-16
-8,18,2,-16 -8,-8,-8,-4545,-5454,-16,-2,-8,18,2,-16,-16,-2,-8,615,3,-16,-16
-8,615,3,-16 -8,635,4,-16,-8,-8,-8,-4545,-5454,-16,-2,-8,18,2,-16,-16,-2,-8,615,3,-16,-16,-8,6607,5,-16,-8,198354,6,-16
-8,-8,18,2,-16,-2,-8,615,3,-16,-16 -8,624,3,-16,-8,198325,3,-16
-8,77959,3,-16 -8,77959,3,-16,-8,28383,7,-16,-8,28383,7,-16,-8,27461,7,-16,-8,27461,7,-16,-8,615,3,-16,-8,198328,9,-16
-8,791,4,-16 -8,21401,3,-16,-8,198337,3,-16,-8,21386,4,-16,-8,198340,4,-16,-8,198344,3,-16,-8,21125,3,-16,-8,167992,7,-16,-8,198347,4,-16,-8,198351,3,-16,-8,21237,5,-16
-8,857,4,-16 -8,198360,5,-16,-8,198310,8,-16
-8,650,4,-16 -8,-8,-8,-4545,-5454,-16,-2,-8,650,4,-16,-16,-2,-8,13,1,-16,-16
-8,13,1,-16 -8,-8,-8,-8,-4545,-5454,-16,-2,-8,6910,4,-16,-16,-2,-1,-8,10,3,-16,-16,-2,-8,13,1,-16,-16,-8,-8,-8,-4545,-5454,-16,-2,-8,650,4,-16,-16,-2,-8,13,1,-16,-16,-8,10,3,-16,-8,67,2,-16,-8,-8,-8,-4545,-5454,-16,-2,-8,10,3,-16,-16,-2,-8,13,1,-16,-16
-8,-8,650,4,-16,-2,-8,13,1,-16,-16 -8,198365,8,-16,-8,198373,9,-16,-8,198382,4,-16,-8,198386,6,-16,-8,198392,7,-16,-8,198399,7,-16,-8,198373,7,-16,-8,198406,13,-16,-8,29280,7,-16,-8,198419,16,-16,-8,198435,8,-16,-8,198443,6,-16,-8,198449,16,-16,-8,198465,23,-16,-8,198488,8,-16,-8,198496,5,-16,-8,198501,9,-16,-8,198510,8,-16,-8,198518,5,-16,-8,198523,6,-16,-8,198529,17,-16,-8,198546,12,-16,-8,198558,7,-16,-8,198565,11,-16,-8,198576,9,-16,-8,198585,9,-16,-8,198594,19,-16,-8,198613,17,-16,-8,198630,9,-16,-8,198639,18,-16,-8,198657,11,-16,-8,198668,5,-16,-8,198673,14,-16,-8,198657,11,-16,-8,198687,10,-16,-8,198697,10,-16,-8,198707,8,-16,-8,198715,6,-16,-8,198721,8,-16,-8,198729,4,-16,-8,198733,6,-16,-8,198739,6,-16,-8,198745,5,-16,-8,198750,13,-16,-8,198763,8,-16,-8,749,7,-16,-8,198771,5,-16,-8,198776,18,-16,-8,198794,7,-16,-8,198801,9,-16,-8,198810,6,-16,-8,198816,11,-16,-8,198827,14,-16,-8,198841,20,-16,-8,198861,10,-16,-8,198871,18,-16,-8,198889,8,-16,-8,198897,20,-16,-8,198917,6,-16
-8,772,4,-16 -8,1144,5,-16,-8,1151,5,-16
-8,182220,3,-16 -8,-8,-8,-4545,-5454,-16,-2,-8,20321,2,-16,-16,-2,-8,182220,3,-16,-16
-8,-8,20321,2,-16,-2,-8,182220,3,-16,-16 -8,198923,7,-16,-8,198930,4,-16,-8,198934,10,-16
-8,1151,2,-16 -8,-8,-8,-4545,-5454,-16,-2,-8,1151,2,-16,-16,-2,-8,767,3,-16,-16
-8,-8,1151,2,-16,-2,-8,767,3,-16,-16 -8,1173,4,-16,-8,1177,3,-16,-8,1180,5,-16,-8,681,2,-16,-8,1190,5,-16,-8,198291,4,-16,-8,1185,5,-16,-8,1167,6,-16,-8,833,5,-16,-8,1195,6,-16,-8,198291,4,-16
-8,1144,5,-16 -8,395,2,-16,-8,241,2,-16,-8,1160,4,-16,-8,831,2,-16,-8,1164,3,-16
-8,10,3,-16 -8,-8,-8,-8,-4545,-5454,-16,-2,-8,6910,4,-16,-16,-2,-1,-8,10,3,-16,-16,-2,-8,13,1,-16,-16,-8,-8,-8,-4545,-5454,-16,-2,-8,10,3,-16,-16,-2,-8,13,1,-16,-16
-8,-8,10,3,-16,-2,-8,13,1,-16,-16 -8,590,5,-16,-8,595,11,-16,-8,606,9,-16,-8,118,11,-16,-8,129,6,-16,-8,135,12,-16,-8,147,9,-16,-8,156,24,-16,-8,180,8,-16,-8,188,7,-16,-8,642,3,-16,-8,645,5,-16,-8,650,8,-16,-8,658,11,-16,-8,669,10,-16,-8,679,10,-16,-8,689,21,-16,-8,710,13,-16,-8,723,7,-16,-8,730,6,-16,-8,736,5,-16,-8,46,7,-16,-8,53,8,-16,-8,61,14,-16,-8,75,5,-16,-8,80,12,-16,-8,92,6,-16,-8,98,11,-16,-8,239,7,-16,-8,822,9,-16,-8,246,13,-16,-8,259,7,-16,-8,266,3,-16,-8,269,11,-16,-8,280,9,-16,-8,289,7,-16,-8,296,5,-16,-8,301,6,-16,-8,307,15,-16,-8,332,9,-16,-8,341,9,-16,-8,350,16,-16,-8,366,11,-16,-8,377,8,-16,-8,385,17,-16,-8,402,7,-16,-8,409,7,-16,-8,416,5,-16,-8,421,7,-16,-8,428,15,-16,-8,443,5,-16,-8,448,8,-16,-8,456,15,-16
-8,198269,3,-16 -8,189909,4,-16,-8,189915,4,-16,-8,189921,4,-16,-8,189927,5,-16,-8,189934,4,-16,-8,189940,3,-16
-8,400,2,-16 -8,7368,4,-16,-8,189735,4,-16,-8,189741,9,-16,-8,189752,4,-16,-8,189762,4,-16,-8,189768,3,-16,-8,189773,4,-16
-8,198944,3,-16 -8,198944,3,-16
-8,27509,5,-16 -8,-8,-8,-4545,-5454,-16,-2,-8,27509,5,-16,-16,-2,-8,104,1,-16,-16
-8,-8,27509,5,-16,-2,-8,104,1,-16,-16 -8,791,4,-16,-8,198947,5,-16,-8,1190,5,-16,-8,1167,6,-16,-8,198360,5,-16
-8,6910,4,-16 -8,-8,-8,-8,-4545,-5454,-16,-2,-8,6910,4,-16,-16,-2,-1,-8,10,3,-16,-16,-2,-8,13,1,-16,-16
-8,-8,-8,6910,4,-16,-2,-1,-8,10,3,-16,-16,-2,-8,13,1,-16,-16 -8,191920,6,-16,-8,191928,5,-16,-8,191935,7,-16,-8,191944,7,-16,-8,191953,8,-16,-8,191963,10,-16,-8,191975,8,-16,-8,191985,11,-16,-8,191998,5,-16,-8,192005,7,-16,-8,192014,7,-16,-8,192023,10,-16,-8,192035,12,-16,-8,192049,13,-16,-8,192064,11,-16,-8,192081,8,-16,-8,192091,7,-16,-8,192100,14,-16,-8,192116,11,-16,-8,192133,11,-16,-8,192151,11,-16,-8,192172,11,-16,-8,192192,8,-16,-8,192213,5,-16,-8,192220,6,-16,-8,192237,7,-16,-8,192253,8,-16,-8,192276,7,-16,-8,192285,7,-16,-8,192309,9,-16,-8,192325,5,-16,-8,192336,5,-16,-8,192352,7,-16,-8,192361,5,-16,-8,192368,5,-16,-8,192375,9,-16,-8,192386,8,-16,-8,192396,7,-16,-8,192411,4,-16,-8,192430,6,-16,-8,192438,15,-16,-8,192456,7,-16,-8,192465,7,-16,-8,192474,19,-16,-8,192495,5,-16,-8,192502,14,-16,-8,192518,7,-16,-8,192527,21,-16,-8,192550,13,-16,-8,192565,4,-16,-8,192571,32,-16,-8,192605,7,-16,-8,192614,20,-16,-8,192672,2,-16,-8,192676,4,-16,-8,192682,3,-16,-8,192687,3,-16,-8,192707,4,-16,-8,23760,2,-16,-8,192717,5,-16,-8,192724,4,-16,-8,192730,5,-16,-8,20153,4,-16,-8,189304,4,-16,-8,192765,8,-16,-8,192775,8,-16,-8,192798,8,-16,-8,192808,8,-16,-8,192818,9,-16,-8,192829,7,-16,-8,192838,12,-16,-8,192852,26,-16,-8,192880,7,-16,-8,192889,6,-16,-8,192897,11,-16,-8,192910,11,-16,-8,192928,15,-16,-8,192945,13,-16,-8,192960,5,-16,-8,192967,11,-16,-8,192980,14,-16,-8,192996,18,-16,-8,78982,3,-16,-8,193021,3,-16,-8,193043,11,-16,-8,193063,6,-16,-8,193071,5,-16,-8,193085,7,-16,-8,193101,4,-16,-8,193107,9,-16,-8,193118,5,-16,-8,193130,11,-16
-8,800,2,-16 -8,-8,-8,-4545,-5454,-16,-2,-8,800,2,-16,-16,-2,-8,104,1,-16,-16
-8,-8,800,2,-16,-2,-8,104,1,-16,-16 -8,-8,778,4,-16,-2,-1,-8,3289,4,-16,-16,-8,-8,1151,5,-16,-2,-1,-8,3289,4,-16,-16
-8,2793,4,-16 -8,2800,5,-16,-8,496,2,-16,-8,10717,4,-16,-8,198952,5,-16,-8,198957,3,-16,-8,198960,3,-16,-8,198963,2,-16,-8,13744,2,-16,-8,2788,3,-16,-8,2781,5,-16,-8,507,4,-16
-8,190024,3,-16 -8,190055,4,-16
-8,80145,4,-16 -8,-8,-8,-8,-4545,-5454,-16,-2,-8,80145,4,-16,-16,-2,-8,198965,5,-16,-16,-2,-8,104,1,-16,-16
-8,198965,5,-16 -8,-8,-8,-8,-4545,-5454,-16,-2,-8,80145,4,-16,-16,-2,-8,198965,5,-16,-16,-2,-8,104,1,-16,-16
-8,-8,-8,80145,4,-16,-2,-8,198965,5,-16,-16,-2,-8,104,1,-16,-16 -8,1312,5,-16,-8,198970,4,-16,-8,28033,4,-16,-8,1190,5,-16,-8,1075,4,-16,-8,241,2,-16,-8,967,3,-16,-8,973,8,-16,-8,198974,6,-16,-8,1013,5,-16,-8,935,3,-16,-8,21401,3,-16,-8,1164,3,-16,-8,1177,3,-16,-8,1120,6,-16,-8,198980,9,-16,-8,30772,3,-16,-8,1103,5,-16,-8,198351,3,-16,-8,198989,8,-16,-8,198997,5,-16
-8,26494,3,-16 -8,-8,-8,-8,-4545,-5454,-16,-2,-8,26494,3,-16,-16,-2,-8,199002,2,-16,-16,-2,-8,20321,2,-16,-16
-8,199002,2,-16 -8,-8,-8,-8,-4545,-5454,-16,-2,-8,26494,3,-16,-16,-2,-8,199002,2,-16,-16,-2,-8,20321,2,-16,-16
-8,-8,-8,26494,3,-16,-2,-8,199002,2,-16,-16,-2,-8,20321,2,-16,-16 -8,6269,4,-16,-8,199004,5,-16,-8,11538,5,-16,-8,199009,4,-16,-8,199013,5,-16,-8,19986,4,-16,-8,199018,6,-16
-8,21,2,-16 -8,123,2,-16,-8,15685,2,-16,-8,199863,3,-16,-8,199866,2,-16
-8,35,2,-16 -8,20107,2,-16,-8,147,2,-16,-8,825,2,-16,-8,762,3,-16,-8,24,3,-16,-8,21,2,-16
-8,838,2,-16 -8,840,6,-16
-8,1973,6,-16 -8,1716,3,-16
-8,35525,2,-16 -8,199894,4,-16,-8,199898,4,-16,-8,199902,3,-16
-8,200026,3,-16 -8,35525,2,-16,-8,477,2,-16,-8,200029,2,-16
-8,266485,7,-16 -8,162662,7,-16,-8,266492,7,-16,-8,81303,9,-16,-8,266499,5,-16,-8,266504,7,-16
-8,80704,5,-16 -8,266485,7,-16,-8,266511,7,-16
-8,266511,7,-16 -8,266518,5,-16,-8,266523,3,-16,-8,264550,4,-16,-8,266526,3,-16,-8,80770,7,-16
-8,233976,5,-16 -8,80704,5,-16
-8,266529,6,-16 -8,233976,5,-16
