[[8, 4], [[1188, 14], [0, 8], [14, 15], [1205, 9]]]
[[12, 2], [[1117, 14], [1263, 11], [62, 7], [0, 8], [915, 18], [1100, 11], [1294, 15], [87, 4]]]
[[29, 2], [[69, 8], [874, 20], [14, 15], [497, 18], [847, 4]]]
[[31, 3], [[14, 15], [706, 9]]]
[[41, 2], [[34, 7]]]
[[43, 4], [[34, 7], [52, 8], [62, 7], [69, 8], [614, 15]]]
[[47, 3], [[34, 7], [62, 7]]]
[[50, 2], [[34, 7], [353, 10]]]
[[60, 2], [[1455, 14], [424, 6], [1258, 5], [1377, 7], [172, 9], [52, 8], [1344, 20], [1111, 6], [1455, 13], [900, 15], [1493, 12], [1244, 14], [1173, 15], [62, 7], [155, 17], [129, 7], [106, 8], [121, 8], [539, 14], [706, 9], [87, 4], [1166, 4], [81, 4]]]
[[77, 4], [[69, 8]]]
[[85, 2], [[172, 9], [144, 6], [155, 17], [129, 7], [106, 8], [121, 8], [87, 4], [81, 4]]]
[[118, 3], [[106, 8]]]
[[136, 2], [[129, 7]]]
[[142, 2], [[129, 7]]]
[[209, 2], [[198, 11]]]
[[211, 8], [[198, 11], [723, 12], [594, 18]]]
[[219, 2], [[329, 5], [198, 11], [244, 11], [294, 30], [273, 9]]]
[[221, 2], [[198, 11]]]
[[43, 2], [[447, 9], [353, 10], [244, 11], [614, 15], [373, 18]]]
[[255, 2], [[244, 11]]]
[[257, 6], [[244, 11]]]
[[263, 6], [[244, 11]]]
[[269, 2], [[447, 9], [353, 10], [244, 11], [373, 18]]]
[[271, 2], [[244, 11]]]
[[282, 2], [[273, 9]]]
[[284, 3], [[273, 9]]]
[[327, 2], [[294, 30], [847, 4]]]
[[336, 4], [[329, 5], [1117, 14]]]
[[341, 2], [[329, 5]]]
[[351, 2], [[329, 5]]]
[[363, 7], [[353, 10]]]
[[370, 3], [[353, 10], [1421, 9]]]
[[391, 2], [[1440, 15], [447, 9], [557, 8], [1226, 7], [1493, 12], [772, 8], [786, 16], [1222, 4], [373, 18], [1205, 9], [1214, 4]]]
[[393, 2], [[832, 5], [447, 9], [953, 29], [373, 18]]]
[[395, 2], [[447, 9], [373, 18]]]
[[417, 2], [[397, 20], [434, 13], [594, 18]]]
[[419, 2], [[397, 20]]]
[[421, 2], [[397, 20]]]
[[423, 1], [[851, 19], [434, 13], [676, 4]]]
[[430, 1], [[424, 6], [1117, 14], [1344, 20], [900, 15], [772, 8]]]
[[431, 3], [[424, 6], [988, 13], [1344, 20], [524, 12], [900, 15], [706, 9], [676, 4]]]
[[485, 3], [[915, 18], [456, 12]]]
[[489, 1], [[456, 12]]]
[[490, 1], [[456, 12]]]
[[491, 2], [[1258, 5], [1111, 6], [1143, 23], [456, 12], [1518, 13], [614, 15], [847, 4]]]
[[493, 2], [[456, 12]]]
[[495, 2], [[456, 12]]]
[[515, 7], [[497, 18]]]
[[522, 2], [[497, 18]]]
[[536, 3], [[524, 12], [676, 4]]]
[[553, 2], [[629, 11], [539, 14]]]
[[110, 4], [[629, 11], [874, 20], [539, 14]]]
[[555, 2], [[539, 14]]]
[[592, 2], [[1111, 6], [557, 8], [1143, 23], [786, 16]]]
[[569, 1], [[557, 8]]]
[[612, 2], [[594, 18]]]
[[614, 5], [[614, 15]]]
[[674, 2], [[629, 11], [1364, 6], [1531, 12], [874, 20], [1518, 13]]]
[[647, 4], [[1440, 15], [629, 11], [1531, 12], [1518, 13]]]
[[763, 2], [[723, 12]]]
[[765, 5], [[723, 12]]]
[[770, 2], [[937, 10], [723, 12]]]
[[784, 2], [[839, 6], [772, 8]]]
[[584, 3], [[557, 8], [772, 8]]]
[[837, 2], [[832, 5]]]
[[834, 3], [[832, 5]]]
[[126, 2], [[832, 5], [676, 4]]]
[[202, 2], [[839, 6]]]
[[845, 2], [[1455, 14], [1258, 5], [839, 6], [1455, 13], [434, 13], [594, 18]]]
[[851, 2], [[1054, 25], [851, 19]]]
[[853, 2], [[851, 19]]]
[[870, 4], [[851, 19]]]
[[898, 2], [[874, 20]]]
[[933, 2], [[915, 18]]]
[[935, 2], [[915, 18]]]
[[506, 1], [[937, 10]]]
[[566, 1], [[937, 10]]]
[[957, 2], [[953, 29]]]
[[982, 2], [[1455, 14], [1455, 13], [953, 29]]]
[[984, 2], [[953, 29]]]
[[986, 2], [[1258, 5], [953, 29]]]
[[1001, 4], [[988, 13]]]
[[995, 3], [[988, 13]]]
[[1046, 6], [[1005, 24]]]
[[584, 1], [[1054, 25]]]
[[1095, 3], [[1100, 11], [1090, 5]]]
[[1095, 2], [[1100, 11], [1090, 5]]]
[[1098, 2], [[1090, 5]]]
[[1131, 2], [[1117, 14]]]
[[1133, 6], [[1117, 14]]]
[[1139, 4], [[1117, 14]]]
[[1170, 3], [[1166, 4]]]
[[181, 4], [[1173, 15], [1531, 12]]]
[[1202, 2], [[1188, 14]]]
[[1204, 1], [[1188, 14]]]
[[676, 4], [[1440, 15], [1226, 7], [1222, 4], [1214, 4], [676, 4]]]
[[1166, 4], [[1244, 14], [1233, 4]]]
[[1274, 2], [[1263, 11], [1294, 15]]]
[[1335, 2], [[1309, 26]]]
[[1337, 5], [[1309, 26]]]
[[1342, 2], [[1309, 26]]]
[[1370, 1], [[1377, 7], [1364, 6]]]
[[1371, 4], [[1364, 6]]]
[[1375, 2], [[1364, 6]]]
[[1388, 5], [[1384, 28]]]
[[1412, 5], [[1384, 28]]]
[[1417, 4], [[1384, 28]]]
[[1426, 2], [[1421, 9]]]
[[1430, 6], [[1421, 9]]]
[[1436, 4], [[1421, 9]]]
[[1469, 3], [[1455, 14], [1455, 13]]]
[[1491, 2], [[1472, 9]]]
[[1505, 2], [[1493, 12]]]
[[1507, 2], [[1493, 12]]]
